#ZVView-data-copy:   9-Jul-2025 14:59:23
#=======================================
#
#name:   CENDL-3.2: LI-6(N,A)H-3
#X.axis: Incident Energy
#Y.axis: Cross Section
#wdata:  2
#ldata:  371
#data...
#            X            Y
#          MeV        barns
   1.10304e-11      45020.2 
   1.21669e-11      42865.9 
   1.34206e-11      40814.7 
   1.48034e-11      38861.7 
   1.63287e-11      37002.1 
   1.80111e-11      35231.6 
   1.98669e-11      33545.7 
   2.19139e-11      31940.5 
   2.41719e-11      30412.1 
   2.66625e-11      28956.9 
   2.94097e-11      27571.3 
     3.244e-11        26252 
   3.57825e-11      24995.8 
   3.94694e-11      23799.7 
   4.35362e-11      22660.9 
   4.80221e-11      21576.5 
   5.29701e-11      20544.1 
    5.8428e-11        19561 
   6.44483e-11        18625 
   7.10888e-11      17733.8 
   7.84136e-11      16885.2 
   8.64931e-11      16077.2 
   9.54051e-11      15307.9 
   1.05235e-10      14575.4 
   1.16078e-10        13878 
   1.28039e-10      13213.9 
   1.41231e-10      12581.6 
   1.55784e-10      11979.6 
   1.71835e-10      11406.3 
    1.8954e-10      10860.5 
    2.0907e-10      10340.8 
   2.30612e-10      9846.03 
   2.54374e-10      9374.89 
   2.80584e-10      8926.29 
   3.09494e-10      8499.16 
   3.41383e-10      8092.47 
   3.76558e-10      7705.23 
   4.15358e-10      7336.53 
   4.58155e-10      6985.47 
   5.05362e-10      6651.21 
   5.57433e-10      6332.94 
   6.14869e-10      6029.91 
   6.78223e-10      5741.37 
   7.48105e-10      5466.64 
   8.25188e-10      5205.06 
   9.10213e-10      4955.99 
      1.004e-9      4718.84 
    1.10745e-9      4493.04 
    1.22155e-9      4278.05 
    1.34742e-9      4073.34 
    1.48625e-9      3878.42 
    1.63939e-9      3692.84 
    1.80831e-9      3516.13 
    1.99463e-9      3347.88 
    2.20016e-9      3187.68 
    2.42685e-9      3035.15 
    2.67691e-9      2889.92 
    2.95273e-9      2751.63 
    3.25697e-9      2619.96 
    3.59256e-9       2494.6 
    3.96272e-9      2375.23 
    4.37103e-9      2261.57 
    4.82141e-9      2153.35 
    5.31819e-9      2050.31 
    5.86616e-9      1952.21 
    6.47059e-9      1858.79 
     7.1373e-9      1769.85 
    7.87271e-9      1685.16 
    8.68389e-9      1604.52 
    9.57865e-9      1527.75 
    1.05656e-8      1454.64 
    1.16543e-8      1385.04 
    1.28551e-8      1318.77 
    1.41796e-8      1255.66 
    1.56406e-8      1195.58 
    1.72522e-8      1138.37 
    1.90298e-8       1083.9 
    2.09906e-8      1032.04 
    2.31534e-8      982.655 
    2.52419e-8      941.127 
       2.53e-8      940.045 
    2.79068e-8      895.064 
    3.07823e-8      852.236 
     3.3954e-8      811.457 
    3.74525e-8      772.629 
    4.13115e-8      735.659 
    4.55681e-8      700.458 
    5.02633e-8      666.941 
    5.54423e-8      635.028 
    6.11549e-8      604.642 
    6.74561e-8       575.71 
    7.44066e-8      548.162 
    8.20732e-8      521.933 
    9.05297e-8      496.959 
    9.98577e-8      473.181 
    1.10147e-7      450.543 
    1.21496e-7      428.993 
    1.34014e-7      408.479 
    1.47823e-7      388.953 
    1.63054e-7      370.367 
    1.79855e-7      352.673 
    1.98386e-7      335.823 
    2.18827e-7      319.774 
    2.41375e-7      304.486 
    2.66245e-7      289.922 
    2.93678e-7       276.05 
    3.23938e-7      262.834 
    3.57316e-7       250.25 
    3.94132e-7      238.272 
    4.34743e-7      226.873 
    4.79537e-7      216.021 
    5.28947e-7      205.689 
    5.83448e-7      195.849 
    6.43565e-7      186.471 
    7.09876e-7      177.542 
     7.8302e-7      169.046 
      8.637e-7      160.954 
    9.52693e-7       153.25 
    1.05086e-6      145.925 
    1.15913e-6      138.952 
    1.27857e-6        132.3 
     1.4103e-6       125.97 
    1.55562e-6      119.937 
     1.7159e-6      114.181 
    1.89271e-6      108.715 
    2.08772e-6      103.513 
    2.30284e-6      98.5686 
    2.54012e-6      93.8437 
    2.80184e-6      89.3623 
    3.11233e-6      84.7904 
    3.43302e-6      80.7142 
    3.78675e-6      76.8544 
    4.17692e-6      73.1751 
     4.6073e-6      69.6833 
    5.11762e-6       66.104 
    5.64492e-6      62.9561 
    6.22656e-6      59.9463 
    6.86813e-6      57.0579 
     7.5758e-6      54.3337 
    8.41533e-6      51.5527 
    9.28242e-6      49.0812 
    1.02389e-5      46.7341 
    1.12938e-5      44.4927 
    1.24575e-5      42.3725 
    1.36448e-5      40.4775 
    1.51569e-5      38.4051 
    1.69545e-5      36.3096 
    1.87015e-5      34.5719 
    2.06284e-5      32.9194 
    2.25945e-5      31.4502 
    2.47492e-5      30.0582 
    2.69195e-5      28.8135 
    2.94853e-5      27.5342 
    3.20709e-5      26.4036 
    3.48832e-5      25.3117 
    3.79422e-5      24.2691 
    4.12694e-5      23.2697 
     4.5205e-5      22.2307 
    4.91691e-5      21.3218 
    5.34808e-5      20.4383 
    5.81706e-5      19.5994 
    6.28285e-5      18.8573 
    6.88201e-5      18.0147 
    7.53794e-5      17.2138 
    8.19895e-5      16.5063 
    8.98084e-5      15.7676 
    9.83681e-5      15.0673 
   0.000106994       14.446 
   0.000115567      13.9009 
   0.000128368      13.1847 
   0.000138653      12.6938 
   0.000149756      12.2088 
   0.000166351      11.5812 
   0.000180939      11.1072 
   0.000195427      10.6859 
   0.000214064      10.2101 
   0.000231204      9.82514 
   0.000256826      9.31861 
   0.000277391      8.97188 
   0.000299617      8.62891 
   0.000332803       8.1855 
   0.000361988      7.85051 
   0.000390992       7.5527 
   0.000425279      7.24169 
   0.000462572      6.94588 
   0.000513808      6.58909 
    0.00055109      6.36638 
   0.000599416      6.10303 
   0.000665842      5.79029 
   0.000719158      5.57309 
   0.000782222      5.34428 
   0.000862819      5.08652 
   0.000938481      4.87511 
   0.000999575      4.72118 
    0.00199976      3.33969 
    0.00400093      2.36535 
    0.00648721      1.86359 
          0.01      1.50814 
        0.0125      1.35008 
     0.0152086      1.23524 
     0.0174958      1.15019 
     0.0202822      1.08213 
         0.025     0.984035 
     0.0302057     0.907696 
     0.0352384     0.851902 
     0.0402822     0.808081 
     0.0456349     0.772572 
     0.0503527      0.74766 
     0.0604114     0.710054 
     0.0704767     0.687523 
          0.08     0.678011 
     0.0906349     0.679698 
           0.1     0.690014 
          0.11     0.713015 
          0.12     0.748019 
          0.13     0.798027 
          0.14     0.868032 
          0.15     0.961047 
          0.16      1.08706 
          0.17      1.25404 
      0.174831      1.34675 
      0.181067      1.50538 
      0.184908      1.60754 
          0.19      1.76803 
         0.195      1.93511 
           0.2      2.13703 
         0.205      2.34905 
      0.219017      2.98314 
      0.223104       3.1527 
        0.2255       3.2415 
         0.227      3.29391 
          0.23      3.38287 
         0.233      3.44986 
         0.236      3.49385 
        0.2395        3.513 
      0.243386      3.49185 
         0.246       3.4569 
         0.248      3.41887 
         0.251      3.34091 
         0.254      3.24791 
         0.258      3.10392 
      0.265862      2.78378 
         0.275      2.40505 
          0.28      2.21206 
         0.285      2.03406 
          0.29      1.87107 
         0.295      1.72506 
           0.3      1.59406 
         0.305      1.47805 
          0.31      1.37407 
          0.32      1.19884 
         0.325      1.07435 
          0.36       0.7821 
         0.375     0.724833 
          0.38     0.669129 
           0.4     0.558787 
         0.425     0.514991 
          0.45     0.462015 
         0.475     0.424008 
           0.5     0.394009 
          0.55     0.351008 
           0.6     0.323005 
          0.65     0.303003 
           0.7     0.288003 
           0.8     0.269002 
           0.9     0.257002 
             1     0.250001 
       1.13126     0.246375 
           1.2     0.245001 
       1.30917     0.246275 
       1.40988     0.249494 
       1.53189     0.255914 
       1.61129     0.260451 
           1.7     0.263995 
       1.76234     0.261259 
        1.8127     0.257984 
        1.9134      0.24966 
       2.02822     0.237896 
       2.12963     0.227037 
           2.2     0.219999 
          2.25     0.214001 
       2.33245      0.20608 
       2.51764     0.189589 
       2.63668     0.179821 
        2.7694     0.168448 
           2.9     0.158001 
       3.04232      0.14963 
        3.2138     0.140173 
           3.5     0.126001 
          3.75     0.116001 
       4.18629     0.102784 
       4.27998     0.100268 
       4.53174    0.0942143 
       4.81701    0.0881597 
       5.07054     0.083202 
       5.32407     0.078626 
        5.5776     0.074374 
       6.04232    0.0670905 
       6.33818    0.0629008 
       6.54585    0.0601314 
             7    0.0545002 
       7.30114    0.0512886 
       7.55291    0.0488133 
       7.80467    0.0465408 
             8    0.0449001 
       8.42541    0.0419072 
       8.55996    0.0410642 
       8.93604    0.0390326 
       9.18849    0.0378707 
           9.5    0.0366001 
       9.88756    0.0354148 
            10    0.0351001 
       10.1411    0.0347896 
       10.2842    0.0344749 
       10.4292    0.0341557 
          10.5        0.034 
       10.6481    0.0337334 
       10.7984    0.0334629 
       10.9507    0.0331887 
            11       0.0331 
       11.1552    0.0328827 
       11.3126    0.0326624 
       11.4722     0.032439 
          11.5       0.0324 
       11.6622    0.0322053 
       11.8268    0.0320079 
       11.9936    0.0318076 
            12       0.0318 
       12.1693     0.031563 
        12.341    0.0313226 
          12.5       0.0311 
       12.6764    0.0308178 
       12.8552    0.0305317 
            13       0.0303 
       13.1834    0.0299699 
       13.3694    0.0296351 
          13.5       0.0294 
       13.6905    0.0289429 
       13.8836    0.0284793 
       14.0795    0.0280092 
       14.2781    0.0275325 
       14.4796    0.0270491 
          14.5        0.027 
       14.7046    0.0264272 
        14.912    0.0258463 
            15       0.0256 
       15.2116    0.0249651 
       15.4262    0.0243213 
       15.6439    0.0236684 
       15.8646    0.0230063 
            16       0.0226 
       16.2257    0.0220131 
       16.4546    0.0214179 
          16.5       0.0213 
       16.7328    0.0207413 
       16.9689    0.0201747 
            17       0.0201 
       17.2398    0.0197163 
       17.4831    0.0193271 
          17.5       0.0193 
       17.7469    0.0186581 
       17.9973    0.0180071 
            18        0.018 
       18.2539    0.0175937 
       18.5115    0.0171816 
       18.7726    0.0167638 
       19.0375      0.01634 
       19.3061    0.0159103 
          19.5       0.0156 
       19.7751    0.0152699 
            20        0.015 
//
#-------------------------------------------------------------------------------
