#ZVView-data-copy:  10-Jul-2025 09:28:44
#=======================================
#
#name:   ENDF/B-VIII.1: XE-126(N,G)XE-127
#X.axis: Incident Energy
#Y.axis: Cross Section
#wdata:  2
#ldata:  1965
#data...
#            X            Y
#          MeV        barns
         1e-11      174.977 
   1.10304e-11      166.605 
   1.21669e-11      158.632 
   1.34206e-11      151.042 
   1.48034e-11      143.814 
   1.63287e-11      136.933 
   1.80111e-11       130.38 
   1.98669e-11      124.142 
   2.19139e-11      118.201 
   2.41719e-11      112.545 
   2.66625e-11       107.16 
   2.94097e-11      102.032 
     3.244e-11      97.1499 
   3.57825e-11      92.5013 
   3.94694e-11       88.075 
   4.35362e-11      83.8606 
   4.80221e-11      79.8478 
   5.29701e-11      76.0271 
    5.8428e-11      72.3891 
   6.44483e-11      68.9253 
   7.10888e-11      65.6272 
   7.84136e-11      62.4869 
   8.64931e-11      59.4969 
   9.54051e-11        56.65 
   1.05235e-10      53.9393 
   1.16078e-10      51.3583 
   1.28039e-10      48.9008 
   1.41231e-10      46.5609 
   1.55784e-10       44.333 
   1.71835e-10      42.2116 
    1.8954e-10      40.1918 
    2.0907e-10      38.2687 
   2.30612e-10      36.4376 
   2.54374e-10      34.6941 
   2.80584e-10       33.034 
   3.09494e-10      31.4534 
   3.41383e-10      29.9484 
   3.76558e-10      28.5154 
   4.15358e-10       27.151 
   4.58155e-10      25.8519 
   5.05362e-10       24.615 
   5.57433e-10      23.4372 
   6.14869e-10      22.3159 
   6.78223e-10      21.2481 
   7.48105e-10      20.2315 
   8.25188e-10      19.2636 
   9.10213e-10      18.3419 
      1.004e-9      17.4644 
    1.10745e-9      16.6288 
    1.22155e-9      15.8333 
    1.34742e-9      15.0758 
    1.48625e-9      14.3546 
    1.63939e-9      13.6679 
    1.80831e-9      13.0141 
    1.99463e-9      12.3916 
    2.20016e-9      11.7988 
    2.42685e-9      11.2345 
    2.67691e-9      10.6971 
    2.95273e-9      10.1855 
    3.25697e-9      9.69836 
    3.59256e-9      9.23456 
    3.96272e-9      8.79296 
    4.37103e-9      8.37252 
    4.82141e-9      7.97221 
    5.31819e-9      7.59109 
    5.86616e-9      7.22825 
    6.47059e-9      6.88281 
     7.1373e-9      6.55396 
    7.87271e-9      6.24087 
    8.68389e-9       5.9428 
    9.57865e-9      5.65898 
    1.05656e-8      5.38874 
    1.16543e-8      5.13141 
    1.28551e-8      4.88639 
    1.41796e-8      4.65314 
    1.56406e-8      4.43105 
    1.72522e-8      4.21961 
    1.90298e-8      4.01832 
    2.09906e-8      3.82669 
    2.31534e-8      3.64426 
    2.52419e-8      3.49088 
       2.53e-8      3.48689 
    2.79068e-8      3.32081 
    3.07823e-8      3.16271 
     3.3954e-8      3.01222 
    3.74525e-8      2.86896 
    4.13115e-8      2.73261 
    4.55681e-8      2.60283 
    5.02633e-8      2.47931 
    5.54423e-8      2.36175 
    6.11549e-8      2.24988 
    6.74561e-8      2.14342 
    7.44066e-8      2.04211 
    8.20732e-8      1.94572 
    9.05297e-8      1.85402 
    9.98577e-8      1.76677 
    1.10147e-7      1.68378 
    1.21496e-7      1.60485 
    1.34014e-7      1.52978 
    1.47823e-7       1.4584 
    1.63054e-7      1.39054 
    1.79855e-7      1.32603 
    1.98386e-7      1.26472 
    2.18827e-7      1.20647 
    2.41375e-7      1.15114 
    2.66245e-7       1.0986 
     2.9575e-7      1.04525 
    3.28508e-7     0.994848 
    3.64913e-7     0.947207 
    4.05332e-7     0.902251 
     4.5025e-7     0.859798 
    5.00121e-7     0.819851 
    5.55544e-7      0.78221 
    6.17077e-7      0.74684 
    6.85461e-7     0.713632 
    7.61385e-7     0.682552 
     8.4576e-7     0.653513 
    9.39439e-7     0.626498 
    1.04355e-6     0.601455 
    1.15913e-6     0.578396 
    1.28758e-6     0.557307 
     1.4302e-6     0.538236 
    1.58869e-6     0.521233 
    1.76466e-6     0.506429 
    1.96022e-6     0.493985 
    2.17734e-6     0.484148 
    2.41863e-6     0.477256 
    2.66784e-6     0.473942 
    2.76286e-6     0.473591 
    3.05264e-6     0.475514 
    3.32033e-6     0.481018 
    3.58638e-6         0.49 
     3.8466e-6     0.502443 
    4.09681e-6      0.51778 
    4.33295e-6     0.535844 
    4.55081e-6     0.555888 
     4.7794e-6     0.580891 
    4.98455e-6     0.607285 
    5.16235e-6     0.633611 
    5.34623e-6     0.664735 
    5.53693e-6     0.701741 
    5.69427e-6     0.736613 
    5.85607e-6     0.777194 
    6.02247e-6     0.824701 
    6.15022e-6     0.865774 
    6.28099e-6     0.912594 
    6.41422e-6     0.965972 
    6.55059e-6      1.02756 
    6.68954e-6      1.09873 
    6.78392e-6      1.15268 
    6.87963e-6      1.21271 
    6.97669e-6      1.27976 
    7.07512e-6        1.355 
    7.17494e-6      1.43984 
    7.27616e-6      1.53596 
    7.35315e-6      1.61691 
    7.43087e-6      1.70647 
    7.50931e-6       1.8059 
    7.58849e-6      1.91672 
    7.66878e-6      2.04131 
    7.74983e-6      2.18141 
    7.83164e-6      2.33998 
    7.88669e-6      2.45779 
    7.94213e-6      2.58668 
    7.99796e-6      2.72807 
    8.05418e-6      2.88369 
     8.1108e-6      3.05552 
    8.16781e-6      3.24595 
    8.22523e-6      3.45781 
    8.28304e-6      3.69447 
    8.34127e-6      3.96007 
    8.38514e-6      4.18098 
    8.42943e-6      4.42454 
    8.47371e-6      4.69142 
    8.51841e-6      4.98756 
    8.56332e-6      5.31586 
    8.60823e-6      5.67942 
    8.65377e-6      6.08953 
    8.69931e-6      6.54799 
    8.72967e-6      6.88439 
    8.76047e-6      7.25394 
    8.79126e-6      7.65539 
    8.82204e-6       8.0925 
    8.85284e-6      8.56965 
    8.88406e-6      9.09962 
    8.91528e-6      9.68216 
    8.94651e-6      10.3245 
    8.97773e-6      11.0353 
    9.00736e-6      11.7822 
    9.03699e-6      12.6102 
    9.06661e-6      13.5315 
    9.08883e-6      14.2924 
    9.11038e-6      15.0951 
    9.13159e-6      15.9552 
    9.15281e-6       16.893 
    9.17402e-6      17.9185 
    9.19523e-6      19.0429 
    9.21561e-6      20.2289 
    9.23432e-6       21.421 
    9.25304e-6      22.7247 
    9.27175e-6      24.1544 
    9.29047e-6      25.7273 
    9.30918e-6      27.4633 
     9.3251e-6      29.0863 
    9.34103e-6      30.8617 
    9.35695e-6      32.8095 
    9.37287e-6      34.9531 
    9.38879e-6      37.3201 
    9.40589e-6       40.149 
    9.41768e-6      42.2975 
    9.42948e-6      44.6286 
    9.44127e-6      47.1642 
    9.45307e-6      49.9296 
    9.46486e-6      52.9541 
    9.47665e-6      56.2723 
    9.48845e-6      59.9247 
    9.50083e-6      64.1722 
    9.51321e-6      68.9082 
     9.5256e-6      74.2137 
    9.53385e-6      78.1155 
    9.54211e-6      82.3493 
    9.55036e-6      86.9556 
    9.56051e-6      93.1952 
    9.56953e-6      99.3626 
    9.57855e-6      106.203 
    9.58757e-6      113.822 
     9.5966e-6      122.347 
    9.60497e-6      131.205 
    9.61205e-6       139.51 
    9.61912e-6      148.678 
     9.6262e-6      158.829 
    9.63328e-6      170.104 
    9.64035e-6      182.666 
    9.64743e-6        196.7 
     9.6545e-6      212.418 
    9.65922e-6      223.951 
    9.66394e-6      236.419 
    9.66866e-6      249.905 
    9.67337e-6      264.501 
    9.67809e-6      280.303 
     9.6834e-6      299.649 
    9.68871e-6      320.806 
    9.69401e-6      343.931 
    9.69932e-6      369.192 
    9.70463e-6      396.758 
    9.70875e-6      419.899 
    9.71347e-6      448.279 
    9.71819e-6      478.829 
    9.72291e-6      511.659 
    9.72763e-6      546.866 
    9.73234e-6      584.538 
    9.73706e-6      624.747 
    9.74178e-6      667.548 
    9.74885e-6      736.669 
    9.75593e-6      811.682 
    9.76301e-6      892.428 
    9.77008e-6      978.567 
    9.77952e-6      1100.84 
    9.79131e-6      1262.85 
     9.8149e-6      1595.81 
    9.82433e-6      1721.98 
    9.83377e-6      1837.74 
    9.84085e-6      1915.11 
    9.84792e-6      1982.44 
      9.855e-6      2038.18 
    9.86192e-6      2080.21 
    9.86877e-6      2108.63 
    9.87562e-6      2123.32 
    9.87966e-6       2125.4 
    9.88611e-6      2118.52 
    9.89273e-6       2098.6 
    9.89887e-6      2068.86 
    9.90453e-6      2032.33 
    9.91302e-6      1962.45 
    9.92104e-6       1881.8 
    9.92812e-6      1800.74 
    9.93755e-6      1681.42 
    9.95171e-6      1487.18 
    9.97294e-6      1188.67 
    9.98237e-6      1062.06 
    9.98945e-6      971.795 
     9.9977e-6      872.648 
    1.00048e-5      793.516 
    1.00119e-5        720.1 
    1.00172e-5      668.864 
    1.00225e-5      620.908 
    1.00272e-5      580.998 
    1.00319e-5      543.589 
    1.00366e-5      508.611 
    1.00413e-5      475.977 
    1.00461e-5      445.591 
    1.00508e-5      417.347 
    1.00555e-5      391.134 
    1.00602e-5      366.837 
    1.00649e-5      344.339 
    1.00696e-5      323.526 
    1.00744e-5      304.282 
    1.00791e-5      286.497 
    1.00838e-5      270.064 
    1.00885e-5      254.878 
    1.00932e-5      240.844 
    1.00979e-5       227.87 
    1.01027e-5      215.867 
    1.01074e-5      204.758 
    1.01145e-5      189.604 
    1.01215e-5      176.063 
    1.01286e-5      163.932 
    1.01357e-5      153.034 
    1.01412e-5      145.339 
    1.01494e-5      134.874 
    1.01576e-5       125.54 
    1.01659e-5      117.181 
    1.01741e-5      109.665 
    1.01825e-5      102.718 
    1.01914e-5      96.1459 
    1.02002e-5      90.2101 
     1.0209e-5      84.8283 
    1.02179e-5      79.9314 
    1.02267e-5      75.4608 
    1.02374e-5      70.5893 
     1.0248e-5      66.1879 
    1.02586e-5      62.1963 
    1.02692e-5      58.5637 
    1.02798e-5       55.247 
    1.02904e-5      52.2098 
     1.0301e-5      49.4209 
    1.03117e-5      46.8532 
    1.03234e-5      44.2316 
    1.03352e-5      41.8269 
     1.0347e-5      39.6156 
    1.03588e-5       37.577 
    1.03765e-5       34.805 
    1.03942e-5      32.3313 
     1.0406e-5      30.8271 
    1.04199e-5       29.183 
    1.04339e-5      27.6679 
    1.04478e-5      26.2685 
    1.04687e-5      24.3613 
    1.04896e-5      22.6553 
    1.05105e-5       21.123 
    1.05335e-5      19.6079 
    1.05576e-5       18.191 
    1.05817e-5      16.9224 
    1.06058e-5      15.7821 
    1.06299e-5      14.7533 
    1.06547e-5      13.7941 
    1.06811e-5      12.8752 
    1.07074e-5       12.045 
    1.07338e-5      11.2925 
    1.07601e-5      10.6083 
    1.07865e-5       9.9843 
     1.0815e-5      9.36885 
    1.08436e-5      8.80849 
    1.08721e-5      8.29684 
    1.09006e-5       7.8284 
    1.09292e-5      7.39843 
     1.0958e-5      6.99925 
    1.09966e-5      6.51308 
    1.10351e-5      6.07569 
    1.10737e-5       5.6808 
    1.11126e-5      5.32071 
    1.11517e-5      4.99155 
    1.11908e-5      4.69196 
      1.123e-5      4.41849 
    1.12694e-5      4.16649 
     1.1309e-5      3.93383 
    1.13487e-5      3.72009 
    1.13884e-5      3.52328 
    1.14283e-5      3.34043 
    1.14686e-5      3.17032 
    1.15289e-5      2.93854 
    1.15896e-5      2.73038 
    1.16508e-5      2.54193 
     1.1712e-5      2.37234 
    1.17738e-5      2.21782 
    1.18358e-5      2.07736 
    1.18979e-5      1.94988 
    1.19609e-5      1.83228 
    1.20238e-5       1.7251 
    1.20871e-5      1.62668 
    1.21509e-5       1.5357 
    1.22147e-5       1.4522 
    1.22792e-5       1.3747 
    1.23655e-5      1.28035 
    1.24524e-5      1.19495 
    1.25399e-5      1.11743 
    1.26281e-5      1.04689 
    1.27168e-5      0.98253 
    1.28062e-5     0.923648 
    1.28963e-5     0.869653 
    1.29869e-5     0.820043 
    1.30782e-5     0.774373 
    1.31701e-5     0.732246 
    1.32627e-5     0.693317 
    1.33559e-5     0.657279 
    1.34498e-5     0.623871 
    1.35444e-5     0.592851 
    1.36872e-5     0.550373 
     1.3832e-5     0.511998 
    1.39782e-5     0.477396 
    1.41258e-5     0.446104 
    1.42747e-5     0.417724 
    1.44257e-5     0.391802 
    1.45782e-5     0.368192 
    1.47321e-5     0.346619 
    1.48874e-5     0.326858 
     1.5045e-5     0.308646 
     1.5204e-5     0.291905 
    1.53645e-5     0.276488 
    1.55265e-5     0.262262 
    1.57455e-5     0.244897 
    1.59677e-5     0.229203 
    1.61929e-5     0.214963 
    1.64214e-5     0.202012 
    1.66531e-5     0.190207 
     1.6888e-5     0.179421 
    1.71263e-5     0.169542 
    1.73679e-5     0.160474 
    1.76129e-5     0.152137 
    1.78614e-5     0.144456 
    1.81134e-5     0.137358 
    1.83689e-5     0.130791 
    1.86281e-5     0.124705 
    1.88909e-5     0.119055 
    1.92926e-5     0.111305 
    1.97018e-5     0.104363 
    2.01207e-5     0.098043 
    2.05475e-5    0.0923451 
    2.09844e-5    0.0871536 
    2.14295e-5    0.0824413 
    2.18851e-5    0.0781215 
    2.23493e-5    0.0741608 
    2.28245e-5    0.0705023 
    2.33086e-5    0.0671382 
    2.38042e-5     0.064032 
    2.44806e-5    0.0602538 
    2.51763e-5    0.0568073 
    2.58917e-5    0.0536787 
    2.66274e-5    0.0508119 
     2.7384e-5      0.04819 
    2.81621e-5    0.0457768 
    2.89624e-5    0.0435388 
     2.9994e-5    0.0409794 
    3.10639e-5    0.0386335 
    3.21704e-5    0.0364921 
    3.33179e-5    0.0345133 
    3.45046e-5    0.0326874 
    3.57354e-5    0.0309912 
    3.72693e-5    0.0291107 
    3.88691e-5    0.0273799 
    4.05375e-5    0.0257811 
    4.22776e-5    0.0242965 
    4.40923e-5     0.022915 
     4.5985e-5    0.0216263 
    4.79589e-5    0.0204274 
    5.00175e-5    0.0192956 
    5.25298e-5    0.0180689 
    5.51711e-5     0.016927 
    5.79424e-5    0.0158673 
    6.08558e-5    0.0148781 
    6.39126e-5    0.0139545 
     6.6656e-5    0.0132112 
    7.00075e-5    0.0124004 
     7.3524e-5    0.0116478 
    7.72209e-5    0.0109438 
    8.10997e-5    0.0102894 
    8.45809e-5   0.00976505 
    8.82115e-5   0.00927632 
    9.19979e-5   0.00881962 
    9.59469e-5   0.00839044 
   0.000100065   0.00799444 
   0.000104361   0.00762572 
    0.00010884   0.00728778 
   0.000114313   0.00692805 
    0.00011922   0.00665194 
   0.000124337   0.00640459 
   0.000129674   0.00618796 
    0.00013524   0.00600028 
   0.000140777   0.00585436 
   0.000146819   0.00573777 
   0.000151943   0.00567299 
   0.000157363   0.00564124 
   0.000158735   0.00563932 
   0.000164104   0.00565821 
   0.000168767   0.00570852 
   0.000173563    0.0058005 
   0.000177244   0.00590194 
   0.000180597   0.00602206 
   0.000184339   0.00619228 
   0.000188143   0.00641292 
   0.000190682   0.00659129 
   0.000193167   0.00679536 
   0.000195687   0.00703597 
   0.000198163   0.00731316 
   0.000200673   0.00764106 
   0.000203148   0.00802352 
   0.000204857   0.00832511 
   0.000206773   0.00870958 
    0.00020869   0.00915289 
   0.000210606    0.0096621 
   0.000212523    0.0102526 
     0.0002138    0.0107017 
   0.000215181    0.0112463 
   0.000216665    0.0119082 
   0.000218026    0.0125986 
   0.000219263    0.0133047 
   0.000220499    0.0141061 
   0.000221427    0.0147774 
   0.000222355    0.0155182 
   0.000223343    0.0163957 
   0.000224332    0.0173777 
   0.000225309    0.0184666 
    0.00022626     0.019661 
   0.000227211    0.0210097 
   0.000228137     0.022499 
   0.000228746    0.0235862 
   0.000229356    0.0247745 
   0.000229965    0.0260754 
   0.000230558    0.0274636 
   0.000231151    0.0289876 
   0.000231744    0.0306659 
   0.000232337    0.0325202 
   0.000232904    0.0344796 
   0.000233471    0.0366481 
   0.000234038    0.0390592 
   0.000234604    0.0417499 
   0.000235035    0.0440071 
   0.000235465    0.0464743 
   0.000235896    0.0491785 
   0.000236326    0.0521512 
   0.000236757    0.0554283 
   0.000237122    0.0584838 
   0.000237567    0.0625823 
     0.0002379    0.0659702 
   0.000238233    0.0696629 
   0.000238567     0.073698 
    0.00023888    0.0778414 
   0.000239183    0.0822166 
   0.000239486    0.0869945 
    0.00023979    0.0922259 
   0.000240093    0.0979718 
   0.000240381     0.103974 
   0.000240639     0.109855 
   0.000240897     0.116275 
   0.000241155     0.123301 
   0.000241413     0.131012 
   0.000241671     0.139499 
   0.000241953     0.149788 
   0.000242165     0.158299 
   0.000242376     0.167583 
   0.000242588     0.177739 
   0.000242799     0.188879 
    0.00024299     0.199881 
   0.000243181     0.211902 
   0.000243371     0.225072 
   0.000243562     0.239542 
   0.000243753     0.255492 
    0.00024392     0.270806 
   0.000244074     0.286314 
   0.000244229     0.303225 
   0.000244384     0.321715 
   0.000244539     0.341987 
   0.000244686     0.363224 
    0.00024482     0.384242 
   0.000244954     0.407175 
   0.000245088     0.432266 
   0.000245221     0.459798 
   0.000245355     0.490099 
   0.000245475     0.519902 
   0.000245595      0.55256 
   0.000245714     0.588454 
   0.000245834     0.628029 
   0.000245954     0.671813 
   0.000246056     0.712782 
   0.000246149     0.753543 
   0.000246241     0.797974 
   0.000246334     0.846532 
   0.000246427     0.899754 
   0.000246517     0.956417 
   0.000246601      1.01468 
   0.000246686      1.07854 
    0.00024677      1.14878 
   0.000246854      1.22627 
   0.000246939      1.31208 
    0.00024701      1.39259 
   0.000247082      1.48095 
   0.000247154      1.57825 
   0.000247226      1.68577 
   0.000247298      1.80504 
   0.000247361      1.92112 
    0.00024742      2.04003 
   0.000247479      2.17079 
   0.000247537      2.31511 
   0.000247596      2.47503 
   0.000247653      2.64691 
   0.000247706      2.82486 
   0.000247759      3.02261 
   0.000247812      3.24352 
   0.000247866      3.49184 
   0.000247901      3.67522 
   0.000247947      3.94102 
    0.00024799      4.21804 
   0.000248033      4.53033 
   0.000248062      4.76183 
   0.000248091      5.01523 
   0.000248119        5.294 
   0.000248148      5.60236 
   0.000248173      5.89676 
   0.000248198       6.2211 
   0.000248223      6.58013 
   0.000248247      6.97953 
   0.000248272      7.42599 
   0.000248297      7.92748 
   0.000248316      8.34531 
   0.000248334      8.80392 
   0.000248353       9.3217 
   0.000248373      9.92338 
   0.000248393      10.5932 
   0.000248413      11.3404 
   0.000248433      12.1754 
   0.000248453      13.1097 
   0.000248471       14.034 
   0.000248489      15.0571 
   0.000248507        16.19 
   0.000248524      17.4445 
   0.000248542      18.8105 
   0.000248559      20.3202 
   0.000248571      21.4135 
   0.000248588      23.1062 
   0.000248604       24.965 
   0.000248622      27.1114 
   0.000248636       29.007 
   0.000248653      31.4322 
   0.000248669      34.0839 
   0.000248686      36.9792 
   0.000248702      39.9712 
   0.000248717      43.0366 
   0.000248732      46.4681 
   0.000248749      50.3086 
   0.000248764      54.4068 
    0.00024878      58.7675 
   0.000248794      62.9668 
   0.000248813      68.9884 
   0.000248832      75.5131 
   0.000248846      80.7487 
   0.000248862      86.9199 
   0.000248878       93.472 
   0.000248894      100.412 
   0.000248917      111.559 
   0.000248941      123.595 
   0.000248964      136.515 
   0.000248988      150.298 
   0.000249012      164.906 
   0.000249043      185.572 
   0.000249075      207.429 
    0.00024912      240.503 
   0.000249225      319.296 
   0.000249263      346.062 
   0.000249301      370.742 
   0.000249331      388.445 
   0.000249366      406.249 
   0.000249392      416.798 
   0.000249417      425.345 
   0.000249442      431.749 
   0.000249472      436.457 
     0.0002495      437.832 
   0.000249525      436.656 
   0.000249553      432.581 
   0.000249579      426.179 
   0.000249605      417.871 
    0.00024963      407.546 
   0.000249656      394.716 
   0.000249693      374.066 
   0.000249728      351.468 
   0.000249766      325.098 
   0.000249829      278.342 
   0.000249899      225.821 
   0.000249932      202.539 
   0.000249962      181.482 
   0.000249993      161.592 
   0.000250021      144.403 
   0.000250045      131.001 
   0.000250069      118.469 
   0.000250092      106.823 
   0.000250116      96.0628 
   0.000250132      89.3756 
   0.000250147      83.0708 
   0.000250163      77.1404 
   0.000250179      71.5747 
   0.000250195      66.3629 
    0.00025021      61.4927 
   0.000250226      56.9512 
   0.000250242      52.7245 
   0.000250258      48.7983 
   0.000250271        45.72 
   0.000250287       42.238 
   0.000250303       39.025 
   0.000250319      36.0651 
   0.000250335      33.3425 
   0.000250351      30.8419 
   0.000250367       28.548 
   0.000250383      26.4463 
     0.0002504      24.5229 
   0.000250416      22.7641 
   0.000250432      21.1573 
   0.000250448      19.6511 
   0.000250465      18.2625 
   0.000250482      17.0006 
   0.000250499      15.8542 
   0.000250515      14.8126 
   0.000250532      13.8662 
   0.000250549      13.0059 
   0.000250566      12.2235 
   0.000250582      11.5114 
   0.000250599      10.8626 
   0.000250616      10.2709 
   0.000250634      9.69952 
   0.000250651      9.17971 
   0.000250669      8.70596 
   0.000250687      8.27333 
   0.000250711       7.7529 
   0.000250734      7.28862 
   0.000250758      6.87268 
   0.000250782      6.49841 
   0.000250805      6.16014 
   0.000250835      5.78553 
   0.000250864      5.45086 
   0.000250893      5.14998 
   0.000250922       4.8779 
   0.000250951      4.63051 
   0.000250981      4.40444 
   0.000251024      4.09939 
   0.000251055      3.90596 
   0.000251104      3.63052 
   0.000251152      3.38582 
   0.000251201      3.16694 
    0.00025125      2.97001 
   0.000251298      2.79195 
   0.000251357       2.5966 
   0.000251417      2.42195 
   0.000251476      2.26503 
   0.000251535      2.12342 
   0.000251594       1.9951 
   0.000251661      1.86551 
    0.00025173      1.74269 
     0.0002518      1.63191 
    0.00025187       1.5316 
   0.000251939      1.44047 
   0.000252011      1.35478 
   0.000252088      1.27189 
   0.000252164      1.19651 
   0.000252241      1.12776 
   0.000252317      1.06485 
   0.000252394      1.00715 
   0.000252493     0.939408 
   0.000252592     0.878368 
    0.00025269     0.823166 
   0.000252789     0.773073 
   0.000252888     0.727472 
   0.000252995     0.682753 
   0.000253105     0.640683 
   0.000253216      0.60243 
   0.000253326     0.567541 
   0.000253436      0.53563 
   0.000253553     0.504904 
    0.00025368     0.474115 
   0.000253808     0.446088 
   0.000253936     0.420502 
   0.000254063     0.397081 
   0.000254191     0.375587 
   0.000254349     0.351429 
   0.000254506     0.329557 
   0.000254664      0.30969 
   0.000254821     0.291588 
   0.000254979     0.275048 
   0.000255147     0.258851 
   0.000255322     0.243589 
   0.000255496      0.22966 
   0.000255671     0.216911 
   0.000255846     0.205214 
   0.000256033     0.193698 
   0.000256246     0.181766 
   0.000256459     0.170924 
   0.000256672     0.161043 
   0.000256885     0.152014 
   0.000257098     0.143741 
   0.000257348     0.134878 
   0.000257599     0.126832 
   0.000257849     0.119505 
   0.000258099     0.112813 
   0.000258349     0.106685 
   0.000258616     0.100704 
   0.000258891     0.095068 
   0.000259166    0.0899103 
   0.000259442    0.0851786 
   0.000259717    0.0808278 
   0.000260019     0.076445 
   0.000260374    0.0717486 
   0.000260729    0.0674937 
   0.000261085    0.0636274 
    0.00026144    0.0601041 
   0.000261796    0.0568846 
   0.000262192    0.0536075 
   0.000262589     0.050627 
   0.000262986     0.047909 
   0.000263383    0.0454227 
   0.000263912    0.0424238 
   0.000264371    0.0400801 
    0.00026483    0.0379461 
   0.000265136    0.0366278 
   0.000265748    0.0342138 
   0.000266359    0.0320612 
   0.000266956    0.0301806 
   0.000267553    0.0284857 
   0.000268149    0.0269528 
   0.000268746    0.0255626 
   0.000269378    0.0242262 
    0.00027001     0.023014 
   0.000270642    0.0219113 
   0.000271274    0.0209078 
   0.000271943    0.0199381 
   0.000272611    0.0190516 
   0.000273614    0.0178638 
    0.00027456     0.016875 
   0.000275479    0.0160209 
   0.000276397    0.0152568 
   0.000277463    0.0144699 
   0.000278529    0.0137696 
    0.00027924    0.0133467 
   0.000280441    0.0127013 
   0.000281643    0.0121324 
   0.000282844    0.0116295 
   0.000284046    0.0111835 
   0.000285461    0.0107226 
   0.000286875    0.0103185 
   0.000288238    0.0099784 
   0.000290281   0.00954414 
   0.000292324   0.00918239 
   0.000294368   0.00888498 
   0.000296411   0.00863893 
   0.000298653   0.00842277 
   0.000301292   0.00822282 
   0.000303931   0.00807807 
   0.000306569   0.00797655 
   0.000308329   0.00793146 
   0.000311847   0.00788742 
   0.000312631   0.00788555 
   0.000316548   0.00791356 
   0.000319682   0.00797827 
   0.000322816   0.00807772 
   0.000327204   0.00827289 
   0.000331491     0.008526 
   0.000335893   0.00884438 
   0.000338828   0.00909459 
   0.000341762   0.00937545 
   0.000344697   0.00968865 
   0.000347631    0.0100363 
   0.000350566     0.010421 
   0.000354991    0.0110771 
   0.000357963    0.0115762 
   0.000360926    0.0121255 
   0.000363888    0.0127322 
   0.000366851    0.0134031 
   0.000369813     0.014146 
   0.000372775    0.0149704 
   0.000375738    0.0158872 
    0.00037823    0.0167404 
   0.000381264    0.0178917 
   0.000383373    0.0187766 
   0.000386308    0.0201411 
   0.000388788    0.0214253 
   0.000391267    0.0228566 
   0.000393747    0.0244476 
     0.0003954    0.0256137 
   0.000397114    0.0269192 
   0.000398829    0.0283368 
   0.000400605    0.0299387 
   0.000402381    0.0316909 
   0.000404157    0.0336126 
   0.000405934    0.0357263 
    0.00040771    0.0380583 
   0.000409486    0.0406397 
   0.000411062    0.0431673 
   0.000412637    0.0459487 
   0.000414356    0.0493183 
   0.000415646    0.0521055 
   0.000416935    0.0551456 
   0.000418224      0.05847 
   0.000419513    0.0621155 
   0.000420817    0.0661713 
    0.00042212    0.0706513 
   0.000423416    0.0755768 
   0.000424694    0.0809822 
   0.000425973    0.0870064 
   0.000427251    0.0937465 
   0.000428104    0.0986951 
   0.000428956     0.104055 
   0.000429808     0.109873 
   0.000430946     0.118449 
   0.000431705     0.124748 
   0.000432464     0.131574 
   0.000433256     0.139321 
    0.00043408     0.148153 
   0.000434904     0.157867 
   0.000435729     0.168584 
   0.000436535     0.180171 
   0.000437323     0.192703 
   0.000438111     0.206606 
   0.000438899     0.222099 
   0.000439482     0.234737 
   0.000440051     0.248133 
   0.000440619     0.262722 
   0.000441188     0.278651 
   0.000441757     0.296085 
   0.000442325     0.315217 
   0.000442895     0.336322 
   0.000443464     0.359643 
   0.000443844     0.376583 
     0.0004444     0.403657 
   0.000444956     0.433782 
   0.000445419     0.461563 
   0.000445805     0.486822 
   0.000446191     0.514231 
   0.000446654     0.550237 
   0.000447123     0.590836 
   0.000447539      0.63068 
   0.000447969     0.676395 
   0.000448292     0.714047 
   0.000448615     0.754954 
   0.000448974     0.804698 
   0.000449333     0.859559 
   0.000449631     0.909567 
   0.000449988     0.975467 
   0.000450259      1.03043 
   0.000450537      1.09171 
   0.000450815      1.15865 
   0.000451092      1.23199 
    0.00045137      1.31256 
   0.000451648      1.40136 
   0.000451904      1.49161 
    0.00045216      1.59091 
   0.000452417      1.70052 
   0.000452673      1.82193 
   0.000452883      1.93126 
   0.000453092      2.05079 
   0.000453302      2.18183 
   0.000453512      2.32592 
   0.000453721      2.48486 
   0.000453899      2.63249 
   0.000454114      2.82989 
   0.000454275      2.99299 
   0.000454436      3.17071 
   0.000454598      3.36488 
   0.000454756      3.57352 
   0.000454913      3.80011 
    0.00045507      4.04915 
   0.000455226       4.3237 
   0.000455383      4.62741 
   0.000455539      4.96127 
   0.000455691      5.32555 
   0.000455844      5.73191 
   0.000455996      6.18714 
   0.000456098      6.52178 
   0.000456199      6.88463 
   0.000456301        7.279 
    0.00045643       7.8336 
    0.00045656      8.45499 
   0.000456646      8.91185 
   0.000456733      9.40734 
   0.000456819      9.94603 
   0.000456906      10.5332 
   0.000456992      11.1749 
   0.000457094      12.0094 
    0.00045717      12.6996 
   0.000457246      13.4524 
   0.000457322      14.2758 
   0.000457398      15.1791 
   0.000457469      16.0902 
   0.000457539      17.0882 
   0.000457609      18.1849 
   0.000457679      19.3941 
   0.000457749       20.732 
   0.000457813      22.0825 
   0.000457874      23.4995 
   0.000457935      25.0622 
   0.000457996      26.7915 
   0.000458057      28.7118 
   0.000458118      30.8522 
   0.000458179      33.2467 
    0.00045822      35.0036 
    0.00045826      36.9046 
   0.000458301      38.9647 
   0.000458341      41.2004 
   0.000458382      43.6299 
   0.000458423      46.2734 
   0.000458463      49.1526 
   0.000458504      52.2912 
   0.000458545       55.715 
   0.000458585      59.4511 
   0.000458626      63.5286 
   0.000458667      67.9779 
   0.000458707      72.8304 
   0.000458748       78.118 
   0.000458794      84.6267 
   0.000458839      91.7711 
   0.000458885       99.593 
   0.000458931       108.13 
   0.000458977      117.412 
   0.000459012       125.16 
   0.000459053      134.591 
   0.000459094      144.634 
   0.000459154      160.825 
   0.000459215      178.287 
   0.000459276      196.873 
   0.000459358      223.008 
   0.000459541      283.478 
   0.000459622      308.632 
   0.000459691      327.862 
    0.00045974      339.802 
   0.000459789      350.104 
   0.000459837      358.546 
    0.00045989      365.335 
   0.000459942      369.573 
   0.000459999      371.154 
   0.000459999      371.154 
   0.000460042      370.229 
   0.000460078      368.084 
    0.00046013      362.855 
   0.000460181      355.227 
   0.000460233      345.394 
   0.000460285      333.597 
   0.000460352      315.783 
   0.000460419      295.805 
   0.000460504      268.365 
   0.000460667       214.53 
   0.000460748      188.847 
   0.000460809      170.723 
    0.00046087      153.792 
   0.000460911      143.229 
   0.000460964      130.165 
   0.000461004       121.24 
   0.000461044      112.893 
   0.000461083      105.116 
   0.000461123      97.8898 
   0.000461163      91.1949 
   0.000461199      85.4648 
   0.000461236      80.1448 
   0.000461272      75.2122 
   0.000461309      70.6441 
   0.000461346      66.4171 
   0.000461382      62.5079 
   0.000461419       58.894 
   0.000461455      55.5534 
   0.000461496      52.1366 
   0.000461537      49.0042 
   0.000461577      46.1306 
   0.000461618      43.4922 
   0.000461659      41.0672 
   0.000461699      38.8356 
    0.00046174      36.7793 
    0.00046178      34.8817 
   0.000461841      32.3007 
   0.000461902      29.9993 
   0.000461963      27.9396 
   0.000462024      26.0894 
   0.000462085      24.4215 
   0.000462146      22.9125 
   0.000462207      21.5428 
   0.000462268      20.2955 
   0.000462329      19.1563 
    0.00046239      18.1126 
   0.000462458      17.0511 
    0.00046254      15.8967 
   0.000462621      14.8581 
   0.000462703        13.92 
   0.000462784      13.0696 
   0.000462866      12.2962 
   0.000462942      11.6348 
   0.000463018      11.0261 
   0.000463094      10.4647 
   0.000463209      9.70074 
   0.000463323      9.01842 
   0.000463437      8.40638 
   0.000463526      7.97284 
   0.000463628      7.51757 
    0.00046373      7.10053 
   0.000463831      6.71752 
   0.000463933      6.36491 
   0.000464035      6.03953 
   0.000464187      5.59662 
   0.000464343      5.19196 
   0.000464507      4.81379 
    0.00046467      4.47569 
   0.000464833      4.17216 
   0.000464997      3.89862 
    0.00046516      3.65122 
   0.000465299      3.45977 
   0.000465437      3.28303 
   0.000465645      3.04231 
   0.000465852      2.82718 
    0.00046606      2.63411 
   0.000466268       2.4602 
   0.000466488      2.29363 
   0.000466709      2.14343 
    0.00046693      2.00753 
    0.00046715      1.88417 
   0.000467371      1.77183 
   0.000467597      1.66668 
   0.000467827      1.56944 
   0.000468056      1.48047 
   0.000468285      1.39886 
   0.000468514      1.32381 
   0.000468766      1.24823 
   0.000469062      1.16726 
   0.000469358      1.09391 
   0.000469654      1.02725 
   0.000469951     0.966494 
   0.000470247     0.910962 
   0.000470577     0.854422 
   0.000470908     0.802983 
   0.000471239      0.75605 
   0.000471569     0.713106 
     0.0004719     0.673707 
   0.000472265     0.633858 
   0.000472647     0.595788 
    0.00047303     0.561039 
   0.000473412     0.529236 
   0.000473795     0.500056 
   0.000474207     0.471227 
   0.000474678     0.441192 
    0.00047515     0.413927 
   0.000475622     0.389099 
   0.000476093     0.366432 
   0.000476565     0.345682 
   0.000477088      0.32467 
    0.00047761     0.305511 
   0.000478133     0.287994 
   0.000478656      0.27194 
   0.000479178     0.257187 
   0.000479778     0.241686 
   0.000480416     0.226673 
   0.000481054     0.213011 
   0.000481692     0.200542 
    0.00048233     0.189132 
   0.000482977      0.17851 
   0.000483645     0.168475 
   0.000484312     0.159263 
   0.000484979      0.15078 
   0.000485869     0.140476 
   0.000486753      0.13124 
   0.000487632     0.122928 
   0.000488511     0.115378 
    0.00048939     0.108499 
   0.000490278     0.102151 
   0.000491175    0.0962869 
   0.000492072    0.0909107 
   0.000492969    0.0859671 
   0.000493844    0.0815253 
   0.000495121    0.0756271 
   0.000496398    0.0703426 
   0.000497675    0.0655897 
   0.000498952    0.0612997 
   0.000500229    0.0574162 
   0.000501603    0.0536321 
   0.000502978     0.050206 
   0.000504352    0.0470957 
   0.000505727    0.0442636 
   0.000507101    0.0416778 
   0.000508475    0.0393104 
    0.00050985    0.0371377 
   0.000511224    0.0351389 
   0.000513011    0.0327734 
   0.000514797    0.0306352 
   0.000516691     0.028588 
   0.000518584    0.0267379 
   0.000520478    0.0250603 
   0.000522371    0.0235346 
   0.000524265    0.0221431 
   0.000526158    0.0208704 
   0.000528703    0.0193259 
   0.000530468    0.0183512 
   0.000532303    0.0174138 
   0.000535055     0.016136 
   0.000537807    0.0149926 
   0.000540559    0.0139656 
   0.000543311      0.01304 
    0.00054624    0.0121513 
   0.000549438    0.0112812 
   0.000551807    0.0106945 
   0.000554175     0.010152 
   0.000557729   0.00941181 
   0.000561282   0.00874935 
   0.000564835   0.00815393 
   0.000568389   0.00761667 
   0.000571942   0.00713057 
   0.000576021   0.00662744 
     0.0005801   0.00617524 
    0.00058418   0.00576746 
   0.000588259    0.0053985 
   0.000592338   0.00506361 
   0.000596417   0.00475873 
   0.000600497   0.00448039 
   0.000604576   0.00422569 
   0.000609844   0.00392745 
   0.000615112   0.00365944 
   0.000620381   0.00341779 
   0.000625649   0.00319917 
   0.000630917   0.00300075 
   0.000636185   0.00282013 
   0.000641453   0.00265525 
   0.000646722   0.00250437 
   0.000653527   0.00232768 
   0.000660331   0.00216893 
   0.000667136    0.0020258 
   0.000673941   0.00189632 
   0.000680746   0.00177881 
   0.000687551   0.00167184 
   0.000694355   0.00157419 
    0.00070116   0.00148483 
    0.00070995    0.0013802 
   0.000718739   0.00128618 
   0.000727529   0.00120142 
   0.000736318   0.00112473 
   0.000745108   0.00105514 
   0.000753897  0.000991786 
   0.000762687  0.000933952 
   0.000771477   0.00088102 
   0.000781075  0.000828185 
   0.000790673  0.000779949 
    0.00080267  0.000725412 
   0.000814668  0.000676266 
   0.000826665  0.000632049 
   0.000838663  0.000591946 
   0.000851768  0.000552481 
   0.000865954  0.000513959 
   0.000880614  0.000478226 
   0.000895275    0.0004461 
   0.000909935  0.000417114 
   0.000924595  0.000390875 
   0.000939256  0.000367049 
   0.000953916  0.000345352 
   0.000968577  0.000325541 
   0.000984306  0.000306175 
    0.00100324  0.000285065 
    0.00102218  0.000266102 
    0.00104111  0.000249009 
    0.00106004  0.000233551 
    0.00107898  0.000219533 
    0.00109791  0.000206786 
    0.00111685  0.000195165 
    0.00113758  0.000183613 
    0.00115717   0.00017361 
    0.00117676  0.000164533 
    0.00119998  0.000154686 
    0.00122549  0.000145011 
    0.00125149  0.000136119 
     0.0012781  0.000127985 
    0.00130521  0.000120546 
    0.00133243  0.000113861 
    0.00136299  0.000107183 
    0.00139199  0.000101562 
    0.00142098    9.6568e-5 
    0.00145128   9.19631e-5 
    0.00148545   8.74373e-5 
    0.00151962   8.35706e-5 
    0.00155379   8.03177e-5 
    0.00158744    7.7683e-5 
    0.00161952   7.56867e-5 
    0.00164357   7.45042e-5 
    0.00167274   7.34911e-5 
     0.0017019   7.28727e-5 
    0.00172134   7.27305e-5 
    0.00175293    7.2996e-5 
    0.00177967   7.36788e-5 
    0.00180578   7.48858e-5 
    0.00182577   7.61671e-5 
    0.00184577   7.78584e-5 
    0.00186577   7.99407e-5 
    0.00188576   8.25603e-5 
    0.00189909   8.46063e-5 
    0.00191263   8.69777e-5 
    0.00192533   8.94854e-5 
    0.00194281   9.34621e-5 
    0.00195446   9.65246e-5 
    0.00197194  0.000101801 
     0.0019836  0.000105851 
    0.00199525  0.000110389 
     0.0020069  0.000115486 
    0.00201724  0.000120582 
    0.00202627  0.000125462 
    0.00203529  0.000130771 
    0.00204431  0.000136679 
    0.00205333  0.000143204 
    0.00206236  0.000150429 
    0.00207138  0.000158451 
     0.0020804  0.000167385 
    0.00208841  0.000176176 
    0.00209539  0.000184615 
    0.00210238  0.000193853 
    0.00210937  0.000203992 
    0.00211635  0.000215148 
    0.00212334  0.000227461 
    0.00213032   0.00024109 
    0.00213731  0.000256227 
    0.00214283  0.000269394 
    0.00214892  0.000285327 
      0.002155  0.000302941 
    0.00216109  0.000322477 
    0.00216717  0.000344214 
    0.00217326  0.000368501 
    0.00217934  0.000395754 
    0.00218482  0.000423187 
    0.00219036  0.000454259 
    0.00219455  0.000480278 
    0.00219873  0.000508779 
    0.00220292  0.000540089 
    0.00220711  0.000574588 
     0.0022113  0.000612722 
    0.00221525  0.000652514 
    0.00221896  0.000693736 
    0.00222285   0.00074143 
    0.00222589  0.000782449 
    0.00222893  0.000827128 
    0.00223197  0.000875918 
    0.00223501  0.000929336 
      0.002238  0.000987064 
    0.00224091   0.00104851 
    0.00224381   0.00111603 
    0.00224666   0.00118912 
    0.00224949    0.0012691 
    0.00225231   0.00135767 
    0.00225513    0.0014561 
    0.00225796   0.00156592 
     0.0022608   0.00168966 
    0.00226271   0.00178167 
    0.00226463   0.00188148 
    0.00226654   0.00199018 
    0.00226835   0.00210191 
    0.00227005   0.00221605 
    0.00227175    0.0023399 
    0.00227345   0.00247461 
    0.00227519   0.00262501 
    0.00227697   0.00279364 
    0.00227875   0.00297921 
    0.00228053   0.00318411 
    0.00228236   0.00341814 
    0.00228377   0.00361682 
    0.00228518   0.00383355 
    0.00228659   0.00407057 
      0.002288   0.00433049 
    0.00228934   0.00460063 
    0.00229053   0.00486267 
    0.00229171   0.00514788 
     0.0022929   0.00545925 
    0.00229409   0.00580006 
    0.00229528   0.00617408 
    0.00229635   0.00654228 
    0.00229741   0.00694468 
    0.00229848   0.00738563 
    0.00229955   0.00787018 
    0.00230062   0.00840422 
    0.00230154   0.00890938 
    0.00230238   0.00941557 
    0.00230323   0.00996649 
    0.00230408    0.0105675 
    0.00230492    0.0112249 
    0.00230574    0.0119176 
    0.00230649    0.0126148 
    0.00230724    0.0133752 
    0.00230799    0.0142068 
    0.00230874    0.0151189 
    0.00230949    0.0161224 
    0.00231014    0.0170827 
     0.0023108    0.0181319 
    0.00231145    0.0192813 
    0.00231211     0.020544 
    0.00231276    0.0219356 
    0.00231333    0.0232564 
    0.00231385     0.024583 
    0.00231437    0.0260271 
    0.00231489    0.0276032 
    0.00231542    0.0293278 
    0.00231592     0.031158 
    0.00231639    0.0330301 
    0.00231687     0.035077 
    0.00231734    0.0373214 
    0.00231781    0.0397898 
    0.00231829    0.0425131 
    0.00231868    0.0449946 
    0.00231907    0.0477016 
    0.00231946    0.0506624 
    0.00231986    0.0539098 
    0.00232025    0.0574824 
     0.0023206    0.0609913 
    0.00232093    0.0645985 
    0.00232126    0.0685385 
    0.00232159    0.0728541 
    0.00232192    0.0775951 
    0.00232224    0.0826352 
    0.00232254    0.0877832 
    0.00232284    0.0934339 
    0.00232313    0.0996559 
    0.00232343      0.10653 
    0.00232373     0.114152 
    0.00232396     0.120795 
     0.0023242     0.128045 
    0.00232443      0.13598 
    0.00232467     0.144692 
     0.0023249     0.154287 
    0.00232512     0.164057 
    0.00232533      0.17435 
    0.00232554     0.185671 
    0.00232575     0.198163 
    0.00232596     0.212002 
    0.00232616     0.226707 
    0.00232634     0.241537 
    0.00232652     0.257933 
     0.0023267     0.276137 
    0.00232689      0.29644 
    0.00232707     0.319204 
     0.0023272     0.338038 
    0.00232734     0.358717 
    0.00232748     0.381519 
    0.00232761     0.406788 
    0.00232775     0.434952 
    0.00232788      0.46558 
    0.00232801     0.499541 
     0.0023281     0.524657 
    0.00232818     0.552088 
    0.00232827     0.582189 
    0.00232836     0.615385 
    0.00232844     0.652195 
    0.00232852     0.688902 
    0.00232859     0.724819 
    0.00232866     0.764324 
    0.00232873     0.807944 
     0.0023288     0.856295 
    0.00232887     0.910089 
    0.00232894     0.970155 
    0.00232901      1.03745 
    0.00232906      1.09383 
    0.00232911      1.15664 
    0.00232916      1.22557 
    0.00232922       1.3013 
    0.00232927      1.38462 
    0.00232932      1.47635 
    0.00232938      1.57469 
    0.00232943      1.68281 
    0.00232948      1.80174 
    0.00232953      1.93256 
    0.00232959      2.08441 
    0.00232964       2.2522 
    0.00232969      2.40855 
    0.00232973      2.57859 
    0.00232979      2.79764 
    0.00232984      3.02637 
    0.00232989       3.2907 
    0.00232995       3.5812 
    0.00232999      3.82476 
    0.00233003      4.07659 
    0.00233008      4.42145 
    0.00233013      4.72849 
    0.00233018      5.11913 
    0.00233023      5.55276 
    0.00233028      6.02158 
    0.00233033      6.52738 
    0.00233038      7.07183 
    0.00233043      7.64143 
    0.00233048      8.25063 
    0.00233054      9.02172 
    0.00233059      9.73968 
    0.00233065      10.5027 
     0.0023307      11.3112 
    0.00233078      12.6101 
    0.00233085      14.0116 
    0.00233093      15.5133 
    0.00233101      17.1107 
    0.00233109      18.7969 
    0.00233118      20.9246 
     0.0023313      23.9033 
    0.00233163       32.137 
    0.00233176      35.0856 
    0.00233187      37.6335 
    0.00233199      39.9013 
    0.00233207      41.3069 
    0.00233215      42.5054 
    0.00233224      43.4747 
    0.00233233      44.2549 
     0.0023324      44.6583 
    0.00233249       44.852 
     0.0023325      44.8557 
    0.00233259      44.6759 
    0.00233267      44.2861 
    0.00233274      43.7612 
    0.00233282      42.8792 
     0.0023329      41.7621 
    0.00233298      40.4309 
     0.0023331       38.254 
    0.00233321      35.7802 
    0.00233334       32.892 
    0.00233372      23.4895 
    0.00233385       20.483 
    0.00233393      18.6449 
    0.00233402      16.8431 
     0.0023341      15.1539 
    0.00233417      13.8611 
    0.00233424      12.6518 
    0.00233431      11.5272 
    0.00233438      10.4876 
    0.00233445      9.53178 
    0.00233449       9.0554 
     0.0023345      8.88252 
     0.0023345      2.46235 
    0.00236744      2.43898 
    0.00240084      2.41529 
    0.00241769      2.40333 
     0.0024518      2.38061 
    0.00248639      2.35757 
    0.00250087      2.34792 
    0.00253616      2.32582 
    0.00257194       2.3034 
    0.00258406      2.29581 
    0.00262052      2.27428 
    0.00265749      2.25246 
    0.00266725      2.24669 
    0.00270488      2.22572 
    0.00274304      2.20445 
    0.00275044      2.20033 
    0.00278924      2.17988 
    0.00282859      2.15914 
    0.00283363      2.15649 
     0.0028736      2.13654 
    0.00291414      2.11631 
    0.00291681      2.11498 
    0.00295796       2.0955 
     0.0029997      2.07575 
         0.003       2.0756 
    0.00304232      2.05682 
    0.00308525      2.03778 
      0.003125      2.02014 
    0.00316909      2.00199 
     0.0032138      1.98358 
       0.00325      1.96867 
    0.00329585       1.9511 
    0.00334235      1.93328 
      0.003375      1.92077 
    0.00342262      1.90375 
     0.0034709      1.88648 
        0.0035      1.87608 
    0.00354938      1.85957 
    0.00359945      1.84283 
      0.003625      1.83429 
    0.00367614      1.81826 
    0.00372801      1.80201 
       0.00375      1.79512 
    0.00380291      1.77955 
    0.00385656      1.76376 
      0.003875      1.75833 
    0.00392967      1.74319 
    0.00398511      1.72784 
         0.004      1.72372 
    0.00405643      1.70894 
    0.00411366      1.69396 
      0.004125      1.69099 
     0.0041832       1.6766 
    0.00424221      1.66201 
       0.00425      1.66009 
    0.00430996      1.64644 
    0.00437077       1.6326 
    0.00443243      1.61856 
    0.00449496      1.60433 
        0.0045      1.60318 
    0.00456349      1.59018 
    0.00462787      1.57699 
    0.00469316      1.56362 
       0.00475      1.55198 
    0.00481701      1.53956 
    0.00488497      1.52697 
    0.00495389      1.51421 
         0.005      1.50567 
    0.00507054      1.49379 
    0.00514208      1.48174 
    0.00521462      1.46952 
       0.00525      1.46356 
    0.00532407      1.45217 
    0.00539918      1.44063 
    0.00547535      1.42891 
        0.0055      1.42512 
     0.0055776      1.41419 
    0.00565629      1.40309 
    0.00573609      1.39185 
       0.00575      1.38988 
    0.00583112      1.37936 
    0.00591339      1.36869 
    0.00599682      1.35787 
         0.006      1.35746 
    0.00608465      1.34724 
    0.00617049      1.33689 
       0.00625      1.32729 
    0.00633818      1.31744 
     0.0064276      1.30745 
        0.0065      1.29936 
     0.0065917      1.28983 
     0.0066847      1.28018 
       0.00675       1.2734 
    0.00684523      1.26419 
     0.0069418      1.25484 
         0.007      1.24921 
    0.00709876      1.24026 
    0.00719891      1.23117 
       0.00725      1.22654 
    0.00735228      1.21785 
    0.00745601      1.20904 
        0.0075      1.20531 
    0.00760581      1.19712 
    0.00771312      1.18882 
    0.00782193       1.1804 
    0.00793229      1.17187 
         0.008      1.16663 
    0.00811287      1.15882 
    0.00822732      1.15091 
     0.0083434      1.14288 
    0.00846111      1.13474 
        0.0085      1.13205 
    0.00861992      1.12463 
    0.00874153       1.1171 
    0.00886486      1.10947 
    0.00898993      1.10172 
         0.009       1.1011 
    0.00912697      1.09401 
    0.00925574      1.08683 
    0.00938632      1.07954 
        0.0095      1.07319 
    0.00963403      1.06641 
    0.00976995      1.05952 
    0.00990778      1.05254 
          0.01      1.04787 
     0.0101411      1.04138 
     0.0102842       1.0348 
     0.0104292      1.02813 
     0.0105764      1.02136 
      0.010625      1.01912 
     0.0107749      1.01292 
     0.0109269      1.00664 
     0.0110811      1.00026 
     0.0112374     0.993795 
       0.01125     0.993274 
     0.0114087     0.987328 
     0.0115697     0.981298 
     0.0117329     0.975183 
      0.011875      0.96986 
     0.0120425     0.964137 
     0.0122124     0.958333 
     0.0123847     0.952448 
        0.0125      0.94851 
     0.0126764     0.942984 
     0.0128552      0.93738 
     0.0130366     0.931697 
      0.013125     0.928926 
     0.0133102     0.923574 
      0.013498     0.918146 
     0.0136884     0.912642 
       0.01375     0.910861 
      0.013944     0.905663 
     0.0141407     0.900393 
     0.0143402     0.895047 
      0.014375     0.894115 
     0.0145778     0.889055 
     0.0147835     0.883923 
      0.014992     0.878719 
         0.015     0.878521 
     0.0152116      0.87364 
     0.0154262      0.86869 
      0.015625     0.864106 
     0.0158454     0.859333 
      0.016069     0.854493 
       0.01625     0.850574 
     0.0164793     0.846026 
     0.0167117     0.841415 
     0.0169475     0.836738 
     0.0171866     0.831995 
     0.0174291     0.827186 
        0.0175     0.825779 
     0.0177469     0.821381 
     0.0179973      0.81692 
     0.0182512     0.812396 
     0.0185087     0.807809 
       0.01875      0.80351 
     0.0190145     0.799233 
     0.0192828     0.794896 
     0.0195548     0.790497 
     0.0198307     0.786037 
          0.02       0.7833 
     0.0202822     0.779123 
     0.0205683     0.774888 
     0.0208585     0.770592 
     0.0211528     0.766236 
       0.02125     0.764797 
     0.0215498     0.760704 
     0.0218538     0.756553 
     0.0221621     0.752343 
     0.0224748     0.748074 
        0.0225     0.747731 
     0.0228174     0.743707 
     0.0231393     0.739627 
     0.0234658      0.73549 
       0.02375     0.731888 
     0.0240851     0.727924 
     0.0244249     0.723904 
     0.0247695     0.719827 
         0.025       0.7171 
     0.0253527     0.713301 
     0.0257104     0.709448 
     0.0260731     0.705541 
       0.02625     0.703636 
     0.0266203     0.699879 
     0.0269959     0.696068 
     0.0273768     0.692204 
        0.0275     0.690954 
      0.027888     0.687329 
     0.0282814     0.683653 
     0.0286804     0.679925 
     0.0290851     0.676144 
     0.0294954      0.67231 
     0.0299115     0.668422 
          0.03     0.667596 
     0.0304232     0.664127 
     0.0308525      0.66061 
     0.0312877     0.657042 
     0.0317292     0.653425 
     0.0321768     0.649756 
        0.0325     0.647108 
     0.0329585     0.643678 
     0.0334235       0.6402 
      0.033895     0.636673 
     0.0343732     0.633096 
     0.0348582     0.629468 
         0.035     0.628408 
     0.0354938     0.625012 
     0.0359945     0.621569 
     0.0365024     0.618077 
     0.0370173     0.614536 
        0.0375     0.611217 
     0.0380291     0.607853 
     0.0385656     0.604441 
     0.0391097     0.600982 
     0.0396614     0.597474 
          0.04     0.595321 
     0.0405643      0.59211 
     0.0411366     0.588852 
      0.041717     0.585549 
     0.0423055       0.5822 
        0.0425     0.581093 
     0.0430996     0.577908 
     0.0437077     0.574679 
     0.0443243     0.571403 
     0.0449496     0.568082 
         0.045     0.567814 
     0.0456349     0.564657 
     0.0462787     0.561455 
     0.0469316     0.558208 
        0.0475     0.555381 
     0.0481701     0.552252 
     0.0488497     0.549078 
     0.0495389      0.54586 
          0.05     0.543707 
     0.0507054     0.540817 
     0.0514208     0.537887 
     0.0521462     0.534916 
        0.0525     0.533467 
     0.0532407     0.530603 
     0.0539918     0.527698 
     0.0547535     0.524752 
         0.055     0.523799 
     0.0557759     0.521035 
     0.0565628     0.518232 
     0.0573608      0.51539 
     0.0581701     0.512507 
     0.0589908     0.509584 
      0.059823     0.506619 
          0.06     0.505989 
     0.0608465     0.503162 
     0.0617049     0.500294 
     0.0625755     0.497387 
     0.0634583     0.494438 
     0.0643536     0.491448 
         0.065     0.489289 
      0.065917     0.486519 
      0.066847      0.48371 
     0.0677901     0.480862 
     0.0687465     0.477974 
     0.0697164     0.475044 
          0.07     0.474188 
     0.0709876     0.471655 
     0.0719891     0.469086 
     0.0730047     0.466482 
     0.0740347      0.46384 
         0.075     0.461364 
     0.0760581     0.458888 
     0.0771312     0.456376 
     0.0782193     0.453829 
     0.0793229     0.451246 
          0.08     0.449662 
     0.0811287     0.447339 
     0.0822732     0.444984 
      0.083434     0.442596 
     0.0846111     0.440174 
         0.085     0.439374 
     0.0861992     0.437107 
     0.0874153     0.434809 
     0.0886486     0.432478 
     0.0898993     0.430114 
          0.09     0.429924 
     0.0912697     0.427714 
     0.0925574     0.425472 
     0.0938632     0.423199 
         0.095      0.42122 
           0.1     0.413186 
           0.1     0.413271 
        0.1174      0.39432 
      0.130925     0.381943 
      0.147768     0.368421 
      0.151058     0.366351 
       0.18064     0.355557 
      0.201411     0.349209 
          0.25     0.344562 
      0.304173     0.346676 
      0.391713     0.356755 
      0.419297     0.332895 
      0.446529     0.312092 
      0.469369     0.296643 
      0.494168     0.281317 
           0.5     0.277915 
      0.699974     0.276827 
      0.805643     0.287067 
      0.886949     0.297311 
           0.9     0.287401 
      0.962841     0.279346 
             1     0.275331 
          1.25     0.286179 
       1.32433     0.293503 
       1.32795     0.293088 
           1.5      0.29348 
       1.50032     0.293479 
         1.648     0.301295 
       1.69185     0.305307 
          1.75     0.304517 
       1.93198     0.315173 
             2     0.320133 
       2.23214     0.345617 
       2.38269     0.368025 
       2.50773     0.384693 
             3     0.399266 
       3.18144     0.374117 
       3.32211     0.356542 
       3.48609     0.337935 
       3.67078     0.319052 
       3.84535     0.302973 
             4      0.28987 
       4.11314     0.274601 
       4.26001     0.256531 
       4.38695     0.242324 
       4.53278     0.227427 
       4.69441     0.212481 
        4.8448     0.199871 
       5.16652      0.17539 
       5.31014     0.165482 
       5.47479     0.155106 
       5.60162     0.147752 
       5.79739     0.137371 
       6.08465     0.123541 
       6.21203     0.117435 
       6.35773     0.111008 
        6.4783     0.105995 
          6.66    0.0991018 
       6.82789    0.0932824 
             7    0.0878044 
       7.16999    0.0808295 
       7.31543    0.0754195 
       7.48088    0.0698197 
       7.65541    0.0644801 
       7.77674    0.0610755 
       7.96244    0.0563101 
             8    0.0553936 
       8.11865    0.0515997 
       8.22392    0.0484937 
       8.35826    0.0448509 
       8.47239    0.0420133 
       8.60132    0.0390641 
       8.73633    0.0362393 
       8.88604    0.0333902 
             9    0.0314013 
       9.11932    0.0292124 
       9.22501    0.0274225 
        9.3597    0.0253262 
       9.47394    0.0236953 
        9.6028    0.0220024 
       9.73753    0.0203832 
       9.88666    0.0187524 
            10    0.0176154 
       10.0597    0.0168678 
       10.1727    0.0155503 
       10.2726    0.0144822 
       10.3609     0.013608 
       10.4729     0.012583 
       10.5676    0.0117846 
       10.6741     0.010955 
       10.7894    0.0101309 
       10.8942   0.00944231 
            11   0.00880053 
       11.1203   0.00817807 
       11.2266   0.00766964 
       11.3618   0.00707477 
       11.4762   0.00661251 
        11.605   0.00613318 
       11.7393   0.00567523 
       11.8876   0.00521456 
            12   0.00489377 
       12.1207   0.00452725 
       12.2464   0.00417801 
       12.3328   0.00395547 
       12.4374   0.00370401 
         12.49   0.00358434 
       12.6156   0.00334244 
       12.7106    0.0031718 
       12.8545   0.00293202 
            13   0.00271037 
       13.1666    0.0025106 
       13.3508   0.00230943 
       13.4907    0.0021692 
        13.681    0.0020213 
       13.7112   0.00199786 
       13.9031    0.0018618 
            14   0.00179729 
       14.1975   0.00171394 
       14.2436   0.00169449 
       14.4445   0.00161591 
       14.4914   0.00159758 
       14.6958   0.00153731 
       14.8712   0.00148563 
            15   0.00145008 
       15.2116   0.00141738 
       15.4262   0.00138422 
       15.4919   0.00137407 
       15.7105   0.00134309 
       15.9321   0.00131167 
            16   0.00130205 
       16.2257   0.00128924 
       16.4546   0.00127624 
       16.6868   0.00126307 
       16.9222    0.0012497 
            17   0.00124529 
       17.2398   0.00124212 
       17.4831   0.00123891 
       17.7297   0.00123565 
       17.9799   0.00123235 
            18   0.00123208 
       18.2539   0.00123646 
       18.5115   0.00124091 
       18.7726   0.00124542 
            19   0.00124934 
       19.2681   0.00125928 
       19.5399   0.00126936 
       19.8156   0.00127958 
            20   0.00128642 
//
#-------------------------------------------------------------------------------
