#ZVView-data-copy:  10-Jul-2025 09:26:10
#=======================================
#
#name:   ENDF/B-VIII.1: XE-134(N,G)XE-135
#X.axis: Incident Energy
#Y.axis: Cross Section
#wdata:  2
#ldata:  2782
#data...
#            X            Y
#          MeV        barns
         1e-11      13.3264 
   1.10304e-11      12.6887 
   1.21669e-11      12.0816 
   1.34206e-11      11.5034 
   1.48034e-11       10.953 
   1.63287e-11      10.4289 
   1.80111e-11      9.92985 
   1.98669e-11       9.4547 
   2.19139e-11      9.00228 
   2.41719e-11      8.57152 
   2.66625e-11      8.16136 
   2.94097e-11      7.77083 
     3.244e-11      7.39899 
   3.57825e-11      7.04494 
   3.94694e-11      6.70783 
   4.35362e-11      6.38686 
   4.80221e-11      6.08124 
   5.29701e-11      5.79025 
    5.8428e-11      5.51318 
   6.44483e-11      5.24937 
   7.10888e-11      4.99818 
   7.84136e-11      4.75901 
   8.64931e-11      4.53129 
   9.54051e-11      4.31446 
   1.05235e-10      4.10801 
   1.16078e-10      3.91144 
   1.28039e-10      3.72427 
   1.41231e-10      3.54606 
   1.55784e-10      3.37638 
   1.71835e-10      3.21481 
    1.8954e-10      3.06098 
    2.0907e-10      2.91451 
   2.30612e-10      2.77505 
   2.54374e-10      2.64226 
   2.80584e-10      2.51582 
   3.09494e-10      2.39544 
   3.41383e-10      2.28081 
   3.76558e-10      2.17167 
   4.15358e-10      2.06775 
   4.58155e-10      1.96881 
   5.05362e-10       1.8746 
   5.57433e-10      1.78489 
   6.14869e-10      1.69948 
   6.78223e-10      1.61816 
   7.48105e-10      1.54073 
   8.25188e-10        1.467 
   9.10213e-10       1.3968 
      1.004e-9      1.32996 
    1.10745e-9      1.26632 
    1.22155e-9      1.20572 
    1.34742e-9      1.14802 
    1.48625e-9      1.09308 
    1.63939e-9      1.04078 
    1.80831e-9     0.990971 
    1.99463e-9     0.943549 
    2.20016e-9     0.898395 
    2.42685e-9     0.855402 
    2.67691e-9     0.814467 
    2.95273e-9     0.775489 
    3.25697e-9     0.738377 
    3.59256e-9     0.703041 
    3.96272e-9     0.669395 
    4.37103e-9      0.63736 
    4.82141e-9     0.606858 
    5.31819e-9     0.577817 
    5.86616e-9     0.550168 
    6.47059e-9     0.523844 
     7.1373e-9     0.498781 
    7.87271e-9     0.474918 
    8.68389e-9     0.452194 
    9.57865e-9     0.430555 
    1.05656e-8     0.409948 
    1.16543e-8     0.390325 
    1.28551e-8     0.371641 
    1.41796e-8     0.353848 
    1.56406e-8     0.336906 
    1.72522e-8     0.320775 
    1.90298e-8     0.305414 
    2.09906e-8     0.290788 
    2.31534e-8     0.276861 
    2.52419e-8     0.265148 
       2.53e-8     0.264843 
    2.79068e-8     0.252158 
    3.07823e-8     0.240079 
     3.3954e-8     0.228577 
    3.74525e-8     0.217624 
    4.13115e-8     0.207195 
    4.55681e-8     0.197264 
    5.02633e-8     0.187807 
    5.54423e-8     0.178802 
    6.11549e-8     0.170227 
    6.74561e-8     0.162061 
    7.44066e-8     0.154285 
    8.20732e-8      0.14688 
    9.05297e-8     0.139828 
    9.98577e-8     0.133112 
    1.10147e-7     0.126717 
    1.21496e-7     0.120626 
    1.34014e-7     0.114825 
    1.47823e-7     0.109301 
    1.63054e-7     0.104039 
    1.79855e-7    0.0990276 
    1.98386e-7    0.0942543 
    2.18827e-7    0.0897077 
    2.41375e-7    0.0853768 
    2.66245e-7    0.0812513 
    2.93678e-7    0.0773212 
    3.23938e-7     0.073577 
    3.57316e-7    0.0700099 
    3.94132e-7    0.0666112 
    4.34743e-7    0.0633727 
    4.79537e-7    0.0602867 
    5.28947e-7    0.0573457 
    5.83448e-7    0.0545427 
    6.43565e-7    0.0518711 
    7.09876e-7    0.0493242 
     7.8302e-7    0.0468962 
      8.637e-7    0.0445811 
    9.52693e-7    0.0423734 
    1.05086e-6    0.0402678 
    1.15913e-6    0.0382593 
    1.27857e-6    0.0363432 
     1.4103e-6    0.0345148 
    1.55562e-6    0.0327698 
     1.7159e-6     0.031104 
    1.89271e-6    0.0295135 
    2.08772e-6    0.0279945 
    2.30284e-6    0.0265433 
    2.54012e-6    0.0251567 
    2.80184e-6    0.0238314 
    3.09053e-6    0.0225644 
    3.40897e-6    0.0213528 
    3.73407e-6    0.0202754 
    4.08996e-6     0.019242 
       4.48e-6    0.0182493 
    4.90699e-6    0.0172965 
    5.37494e-6    0.0163806 
    5.88723e-6    0.0155011 
    6.44866e-6    0.0146554 
    7.06329e-6    0.0138432 
    7.73687e-6    0.0130623 
    8.47428e-6    0.0123125 
    9.28242e-6    0.0115919 
    1.00964e-5    0.0109531 
    1.09818e-5    0.0103365 
    1.19448e-5   0.00974124 
    1.29922e-5   0.00916833 
    1.40326e-5   0.00866426 
    1.51569e-5   0.00817472 
    1.63706e-5   0.00770341 
    1.76823e-5   0.00724967 
    1.90982e-5   0.00681046 
    2.04839e-5    0.0064283 
    2.19702e-5     0.006056 
    2.35644e-5   0.00570009 
    2.52742e-5   0.00535459 
    2.71081e-5    0.0050245 
    2.88728e-5    0.0047367 
    3.09678e-5   0.00442924 
    3.27527e-5   0.00419356 
    3.46406e-5   0.00396511 
    3.66372e-5   0.00374344 
    3.95708e-5   0.00345354 
    4.21468e-5   0.00322724 
    4.48884e-5   0.00301097 
    4.74757e-5   0.00282737 
    5.02121e-5   0.00265094 
    5.31062e-5   0.00248219 
    5.61672e-5   0.00232129 
    5.94045e-5   0.00216765 
    6.28285e-5   0.00202116 
    6.64498e-5   0.00188222 
     6.9791e-5   0.00176628 
    7.32966e-5   0.00165571 
    7.69821e-5    0.0015503 
    8.08489e-5   0.00145006 
    8.49141e-5   0.00135476 
    8.91793e-5    0.0012644 
    9.36634e-5   0.00117875 
    9.83681e-5   0.00109779 
   0.000103314   0.00102128 
   0.000108504  0.000949223 
   0.000113161  0.000890812 
   0.000118851  0.000826494 
   0.000123953  0.000774684 
   0.000129215  0.000726025 
   0.000134761   0.00067954 
   0.000140546  0.000635825 
   0.000146578  0.000594699 
   0.000152627  0.000557434 
   0.000159178  0.000520995 
   0.000166011  0.000486994 
   0.000172662  0.000457297 
   0.000178813  0.000432482 
   0.000185972  0.000406594 
   0.000193196  0.000383144 
   0.000200844  0.000361129 
   0.000208008  0.000342967 
   0.000215417  0.000326504 
   0.000222714   0.00031251 
   0.000228966  0.000302168 
   0.000235394  0.000293116 
   0.000241818  0.000285929 
   0.000248366  0.000280539 
   0.000253483  0.000277909 
     0.0002586  0.000276862 
   0.000263947  0.000277753 
   0.000267497  0.000279691 
   0.000271198   0.00028308 
   0.000274899  0.000288133 
   0.000278173  0.000294267 
   0.000281021  0.000301148 
   0.000283869  0.000309751 
   0.000286716  0.000320436 
   0.000288806  0.000329876 
   0.000290802  0.000340351 
   0.000292842  0.000352868 
   0.000294882  0.000367433 
   0.000296922  0.000384581 
   0.000298962  0.000404632 
   0.000300322  0.000420004 
   0.000301682  0.000437307 
   0.000303261   0.00046015 
   0.000304841  0.000486377 
   0.000306157  0.000511267 
   0.000307473  0.000539565 
    0.00030879  0.000571814 
   0.000309777  0.000599028 
   0.000310717  0.000627809 
   0.000311634  0.000658706 
   0.000312552  0.000692896 
   0.000313469   0.00073102 
   0.000314386   0.00077356 
   0.000315316  0.000821908 
   0.000316271  0.000877962 
   0.000316908   0.00091954 
   0.000317545  0.000964944 
   0.000318209   0.00101664 
   0.000318873   0.00107361 
   0.000319538   0.00113666 
   0.000320202   0.00120655 
   0.000320877   0.00128556 
   0.000321551   0.00137394 
   0.000322057   0.00144727 
   0.000322563   0.00152753 
   0.000323053   0.00161269 
   0.000323511   0.00169977 
    0.00032397   0.00179495 
   0.000324428   0.00189927 
   0.000324886   0.00201395 
   0.000325344   0.00214036 
   0.000325831   0.00228941 
   0.000326318   0.00245603 
   0.000326683   0.00259424 
   0.000327048   0.00274534 
   0.000327402   0.00290555 
   0.000327733   0.00306928 
   0.000328063   0.00324812 
   0.000328394   0.00344398 
   0.000328725   0.00365909 
   0.000329056   0.00389612 
    0.00032933    0.0041118 
   0.000329605   0.00434678 
    0.00032988   0.00460341 
   0.000330154   0.00488444 
   0.000330429   0.00519305 
   0.000330675   0.00549558 
   0.000330906   0.00580597 
   0.000331137   0.00614434 
   0.000331369    0.0065142 
     0.0003316   0.00691959 
   0.000331823   0.00734949 
   0.000332031   0.00778743 
   0.000332239    0.0082668 
   0.000332447   0.00879296 
   0.000332655   0.00937224 
   0.000332863    0.0100121 
   0.000333027    0.0105678 
   0.000333192    0.0111721 
   0.000333357    0.0118309 
   0.000333521     0.012551 
   0.000333686    0.0133402 
   0.000333838    0.0141396 
   0.000333985    0.0149772 
   0.000334131    0.0158929 
   0.000334277    0.0168969 
   0.000334423    0.0180009 
   0.000334563    0.0191647 
    0.00033469    0.0203283 
   0.000334818    0.0216033 
   0.000334945    0.0230043 
   0.000335073    0.0245487 
     0.0003352     0.026257 
   0.000335302    0.0277517 
   0.000335403    0.0293802 
   0.000335505    0.0311594 
   0.000335607    0.0331085 
   0.000335708    0.0352503 
   0.000335803    0.0374562 
   0.000335895    0.0397955 
   0.000335987    0.0423663 
   0.000336079    0.0452007 
   0.000336172    0.0483368 
   0.000336258    0.0516132 
   0.000336335    0.0547889 
   0.000336411     0.058276 
   0.000336488     0.062118 
   0.000336564    0.0663664 
   0.000336641    0.0710828 
   0.000336705    0.0754718 
   0.000336769    0.0802983 
   0.000336834    0.0856259 
   0.000336898    0.0915307 
   0.000336962    0.0981058 
   0.000337022     0.104943 
    0.00033708     0.112287 
   0.000337138     0.120508 
   0.000337177     0.126557 
   0.000337215     0.133135 
   0.000337254     0.140321 
   0.000337292     0.148211 
   0.000337338     0.158676 
   0.000337369     0.166435 
   0.000337399     0.174939 
    0.00033743     0.184316 
    0.00033746     0.194723 
   0.000337491     0.206358 
   0.000337521     0.219466 
    0.00033755     0.233456 
   0.000337577     0.248332 
   0.000337598     0.260777 
   0.000337618     0.274498 
   0.000337638     0.289676 
   0.000337659     0.306519 
   0.000337679     0.325264 
   0.000337699      0.34618 
    0.00033772     0.369576 
    0.00033774     0.395799 
   0.000337759     0.423926 
   0.000337777     0.452464 
   0.000337795     0.484108 
   0.000337813     0.519217 
    0.00033783     0.558189 
   0.000337848     0.601461 
   0.000337866     0.649509 
   0.000337884     0.702852 
   0.000337901     0.762055 
   0.000337919     0.827727 
   0.000337937     0.900527 
   0.000337952     0.969741 
   0.000337966      1.03913 
    0.00033798       1.1143 
   0.000337995      1.19568 
   0.000338009       1.2837 
   0.000338023      1.37882 
   0.000338037      1.48152 
   0.000338051      1.59229 
   0.000338065      1.71164 
   0.000338079       1.8401 
   0.000338093       1.9782 
   0.000338111      2.15864 
   0.000338128      2.35492 
   0.000338145      2.56805 
   0.000338162      2.79901 
   0.000338179       3.0488 
   0.000338196       3.3184 
   0.000338213      3.60877 
    0.00033823      3.92081 
   0.000338251      4.34126 
   0.000338273      4.79828 
   0.000338294      5.29323 
   0.000338315      5.82726 
   0.000338336      6.40125 
   0.000338355      6.94191 
   0.000338379      7.65953 
   0.000338402      8.42616 
   0.000338425      9.24093 
   0.000338448      10.0599 
   0.000338479      11.2953 
   0.000338511      12.6041 
   0.000338552      14.3746 
   0.000338612      17.1209 
   0.000338694      20.9037 
   0.000338731      22.4867 
    0.00033877      24.0977 
   0.000338802      25.2943 
   0.000338834      26.3587 
   0.000338867      27.2688 
   0.000338902      28.0687 
   0.000338934      28.5957 
   0.000338966      28.9199 
      0.000339      29.0342 
   0.000339029      28.9456 
   0.000339062      28.6372 
   0.000339094        28.13 
   0.000339117      27.6597 
   0.000339147      26.8798 
   0.000339179      25.8982 
   0.000339211      24.7722 
   0.000339247      23.3696 
   0.000339289      21.5858 
   0.000339348      18.9502 
   0.000339434      14.9794 
   0.000339477       13.096 
   0.000339515      11.5177 
    0.00033954      10.5209 
   0.000339572      9.32303 
     0.0003396      8.36066 
    0.00033962      7.68294 
   0.000339641      7.04365 
   0.000339662        6.443 
   0.000339683      5.86395 
   0.000339706      5.29405 
   0.000339729      4.76845 
   0.000339744      4.44198 
   0.000339759       4.1341 
   0.000339774      3.84427 
   0.000339789      3.57191 
   0.000339805      3.29846 
   0.000339823      3.02699 
    0.00033984      2.77575 
   0.000339857      2.54373 
   0.000339875      2.32989 
   0.000339892      2.13319 
   0.000339909      1.95262 
   0.000339927      1.78714 
    0.00033994      1.66764 
   0.000339955      1.54758 
   0.000339969      1.43649 
   0.000339984       1.3338 
   0.000339999      1.23897 
   0.000340013      1.15149 
   0.000340028      1.07087 
   0.000340043     0.996618 
   0.000340057     0.928296 
   0.000340072     0.865471 
   0.000340087     0.807734 
   0.000340104     0.745884 
   0.000340116     0.705247 
   0.000340128     0.667441 
   0.000340147     0.615625 
   0.000340165      0.56915 
   0.000340184     0.527466 
   0.000340202     0.490072 
   0.000340221     0.456511 
   0.000340239     0.426371 
   0.000340258     0.399277 
   0.000340276     0.374894 
   0.000340295     0.352138 
   0.000340316     0.330276 
   0.000340337      0.31072 
   0.000340357     0.293182 
   0.000340378     0.277408 
   0.000340398     0.263177 
   0.000340419     0.250295 
   0.000340439     0.238594 
   0.000340467     0.224582 
   0.000340494     0.212118 
   0.000340524     0.199973 
   0.000340557     0.188257 
   0.000340589     0.177814 
   0.000340622     0.168433 
   0.000340654     0.159945 
   0.000340687     0.152215 
   0.000340736     0.141814 
   0.000340768     0.135553 
   0.000340808     0.128623 
   0.000340847     0.122271 
   0.000340906     0.113673 
   0.000340964      0.10602 
   0.000341023    0.0991632 
   0.000341082    0.0929872 
   0.000341147    0.0868474 
   0.000341212    0.0813213 
   0.000341277    0.0763259 
   0.000341342    0.0717925 
   0.000341407    0.0676639 
   0.000341483    0.0632826 
   0.000341564    0.0590519 
   0.000341646    0.0552417 
   0.000341727    0.0517969 
   0.000341809    0.0486712 
   0.000341894    0.0456939 
   0.000341987    0.0427482 
   0.000342081    0.0400832 
   0.000342174    0.0376638 
   0.000342268    0.0354604 
   0.000342361    0.0334476 
   0.000342466    0.0313803 
   0.000342571    0.0295014 
   0.000342677    0.0277885 
   0.000342782    0.0262223 
   0.000342887    0.0247865 
   0.000343011    0.0232469 
   0.000343144    0.0217491 
   0.000343276     0.020393 
   0.000343409    0.0191611 
   0.000343542    0.0180387 
    0.00034368    0.0169764 
   0.000343828    0.0159393 
   0.000343976    0.0149954 
   0.000344123    0.0141338 
   0.000344271    0.0133451 
   0.000344419    0.0126213 
   0.000344595    0.0118364 
    0.00034477    0.0111233 
   0.000344946    0.0104734 
   0.000345121   0.00987951 
   0.000345297   0.00933533 
   0.000345496   0.00877055 
   0.000345708   0.00822682 
   0.000345919   0.00773277 
   0.000346131   0.00728249 
   0.000346342   0.00687094 
   0.000346561   0.00648133 
   0.000346794   0.00610162 
   0.000347027   0.00575488 
   0.000347261    0.0054374 
   0.000347416   0.00524042 
   0.000347728   0.00487786 
    0.00034802   0.00457063 
   0.000348313    0.0042921 
   0.000348606   0.00403882 
   0.000348899   0.00380784 
   0.000349192   0.00359661 
   0.000349513     0.003385 
   0.000349849   0.00318393 
   0.000350184   0.00300081 
    0.00035052   0.00283353 
   0.000350855    0.0026803 
   0.000351205   0.00253388 
   0.000351583   0.00238915 
   0.000351961   0.00225696 
   0.000352339    0.0021359 
   0.000352844   0.00198974 
   0.000353255   0.00188192 
   0.000353732   0.00176794 
    0.00035421   0.00166453 
   0.000354687   0.00157043 
   0.000355165   0.00148457 
   0.000355642   0.00140601 
   0.000356173   0.00132621 
   0.000356704   0.00125349 
   0.000357235   0.00118707 
   0.000357767   0.00112623 
   0.000358475    0.0010527 
   0.000359148  0.000989881 
   0.000359821  0.000933058 
   0.000360494  0.000881487 
   0.000361167  0.000834537 
   0.000361913  0.000787209 
    0.00036266  0.000744293 
   0.000363406  0.000705257 
   0.000364153   0.00066961 
   0.000364913    0.0006364 
   0.000365674  0.000605977 
   0.000366815  0.000564909 
   0.000367987  0.000527619 
   0.000369176  0.000494226 
   0.000370364  0.000464376 
   0.000371417  0.000440647 
   0.000372469  0.000419096 
   0.000373872  0.000393296 
   0.000375275  0.000370382 
   0.000376679  0.000349983 
   0.000378082  0.000331671 
   0.000379508  0.000314841 
   0.000380958   0.00029947 
   0.000382408  0.000285567 
   0.000383858  0.000272946 
   0.000386033  0.000256122 
   0.000388207  0.000241359 
   0.000390382  0.000228295 
   0.000392489  0.000217069 
   0.000394595  0.000207077 
   0.000396936   0.00019711 
   0.000399745  0.000186485 
   0.000402553  0.000177173 
   0.000405635  0.000168135 
   0.000408991  0.000159526 
   0.000412619   0.00015131 
   0.000416248  0.000144138 
   0.000419876  0.000137744 
   0.000423753  0.000131708 
   0.000428124  0.000125655 
   0.000432748   0.00012003 
   0.000437372  0.000115001 
   0.000443537  0.000109134 
   0.000449703  0.000104023 
   0.000455754   9.96227e-5 
   0.000463822   9.44709e-5 
    0.00047189   9.00088e-5 
   0.000479958   8.61039e-5 
    0.00048979   8.19651e-5 
    0.00050021   7.81677e-5 
    0.00051063   7.48752e-5 
    0.00052105   7.20041e-5 
   0.000534789   6.87701e-5 
   0.000546132   6.64759e-5 
   0.000560599   6.40062e-5 
   0.000574218   6.21152e-5 
   0.000586183   6.07046e-5 
   0.000602839   5.91954e-5 
   0.000615657   5.83589e-5 
   0.000628716   5.77637e-5 
   0.000642084   5.74599e-5 
   0.000651293   5.74018e-5 
   0.000664806   5.76029e-5 
   0.000678941     5.818e-5 
   0.000693343   5.91412e-5 
   0.000703125   6.00574e-5 
   0.000715947   6.16018e-5 
   0.000728586   6.35581e-5 
   0.000738628   6.54812e-5 
   0.000747434   6.74544e-5 
    0.00075818   7.02552e-5 
   0.000765295   7.24107e-5 
   0.000775968    7.6137e-5 
   0.000783083   7.90027e-5 
   0.000790198   8.22167e-5 
   0.000796674   8.55144e-5 
   0.000802512   8.87771e-5 
   0.000808349    9.2335e-5 
   0.000814186   9.63035e-5 
   0.000820023  0.000100694 
   0.000825861  0.000105564 
   0.000831698  0.000110976 
   0.000837535   0.00011701 
   0.000843546   0.00012397 
   0.000849729  0.000132045 
   0.000854307  0.000138726 
   0.000858765  0.000145852 
   0.000863224  0.000153731 
   0.000867683  0.000162391 
   0.000872141  0.000172023 
     0.0008766  0.000182667 
   0.000880536  0.000193098 
   0.000884473  0.000204624 
   0.000888409  0.000217387 
   0.000892345  0.000231573 
   0.000896282  0.000247404 
   0.000900218  0.000265135 
   0.000903957  0.000284019 
   0.000907301  0.000302848 
    0.00091001  0.000319671 
   0.000912719  0.000338071 
   0.000915428  0.000358252 
   0.000918137   0.00038045 
   0.000920846  0.000404943 
   0.000923555  0.000432058 
   0.000925959  0.000458611 
   0.000928362  0.000487834 
   0.000930984  0.000523243 
    0.00093295  0.000552537 
   0.000934916  0.000584492 
   0.000936883  0.000619442 
   0.000938849  0.000657773 
   0.000940727  0.000697944 
   0.000942604  0.000742057 
   0.000944465  0.000790168 
   0.000946292  0.000842327 
   0.000948119  0.000900011 
   0.000949947  0.000964032 
   0.000951774   0.00103535 
   0.000953601   0.00111513 
   0.000955222   0.00119409 
   0.000956842   0.00128189 
   0.000958473    0.0013807 
   0.000959573    0.0014541 
   0.000960673   0.00153365 
   0.000961774   0.00162005 
   0.000962917   0.00171795 
   0.000964103   0.00182941 
    0.00096529   0.00195227 
   0.000966476   0.00208807 
   0.000967617   0.00223276 
   0.000968713   0.00238655 
   0.000969808   0.00255704 
   0.000970903   0.00274673 
   0.000971721   0.00290259 
   0.000972531   0.00307057 
   0.000973341    0.0032537 
    0.00097415   0.00345383 
    0.00097496   0.00367326 
    0.00097577   0.00391459 
   0.000976477   0.00414536 
   0.000977183   0.00439737 
    0.00097789   0.00467329 
   0.000978597   0.00497625 
   0.000979303   0.00530986 
   0.000979914   0.00562628 
   0.000980477   0.00594387 
   0.000981041   0.00628942 
   0.000981604   0.00666628 
   0.000982167   0.00707833 
   0.000982712   0.00751525 
   0.000983223   0.00796177 
   0.000983733   0.00844953 
   0.000984243   0.00898376 
   0.000984753   0.00957058 
   0.000985263    0.0102173 
   0.000985687    0.0108058 
    0.00098611     0.011447 
   0.000986534    0.0121475 
   0.000986957    0.0129146 
   0.000987381    0.0137572 
    0.00098776    0.0145834 
   0.000988117    0.0154312 
   0.000988473    0.0163556 
    0.00098883    0.0173663 
   0.000989187    0.0184743 
   0.000989532    0.0196496 
   0.000989852    0.0208472 
   0.000990173    0.0221585 
   0.000990493    0.0235982 
   0.000990814    0.0251838 
   0.000991135     0.026936 
   0.000991389    0.0284581 
   0.000991643     0.030114 
   0.000991896      0.03192 
   0.000992151    0.0338948 
   0.000992405    0.0360602 
   0.000992639    0.0382544 
   0.000992865    0.0405547 
    0.00099309    0.0430709 
   0.000993315    0.0458312 
   0.000993541    0.0488684 
   0.000993756    0.0520721 
   0.000993953    0.0552779 
    0.00099415    0.0587927 
   0.000994346    0.0626581 
   0.000994543     0.066923 
    0.00099474    0.0716452 
   0.000994896     0.075781 
   0.000995053    0.0802916 
    0.00099521    0.0852244 
   0.000995366    0.0906347 
   0.000995523    0.0965876 
    0.00099567     0.102727 
   0.000995812     0.109248 
   0.000995954     0.116425 
   0.000996096     0.124353 
   0.000996238     0.133142 
   0.000996372     0.142346 
   0.000996489     0.151286 
   0.000996607     0.161128 
   0.000996725     0.172002 
   0.000996843     0.184066 
   0.000996961     0.197509 
    0.00099706      0.21007 
    0.00099716     0.223947 
   0.000997259      0.23935 
   0.000997358     0.256544 
   0.000997457     0.275869 
    0.00099755     0.296205 
   0.000997609     0.310678 
   0.000997669     0.326447 
   0.000997728     0.343719 
   0.000997788     0.362759 
   0.000997847       0.3839 
   0.000997907     0.407567 
   0.000997951     0.427296 
    0.00099799     0.445888 
   0.000998037     0.471036 
   0.000998084      0.49923 
   0.000998131     0.531056 
   0.000998166     0.557732 
   0.000998202     0.587203 
   0.000998237     0.619879 
   0.000998272     0.656234 
   0.000998308      0.69681 
   0.000998343     0.742231 
   0.000998374     0.787157 
   0.000998406     0.837019 
   0.000998437     0.892448 
   0.000998468      0.95415 
     0.0009985      1.02291 
   0.000998531       1.0996 
   0.000998563       1.1852 
   0.000998594      1.28076 
   0.000998625      1.38747 
   0.000998646      1.46543 
   0.000998667      1.54933 
   0.000998696      1.67499 
   0.000998723      1.80714 
    0.00099875      1.95244 
   0.000998778      2.11209 
   0.000998805      2.28739 
   0.000998833      2.47968 
    0.00099886      2.69043 
   0.000998887      2.92114 
   0.000998915      3.17343 
   0.000998942      3.44896 
   0.000998969      3.74949 
   0.000998998       4.0981 
   0.000999028      4.47921 
   0.000999057      4.89512 
   0.000999086      5.34821 
   0.000999115      5.84088 
   0.000999144      6.37557 
   0.000999173       6.9547 
   0.000999202       7.5807 
   0.000999228      8.19023 
   0.000999255      8.84189 
   0.000999281      9.53734 
   0.000999307      10.2782 
   0.000999333      11.0659 
    0.00099936      11.9018 
   0.000999386      12.7872 
   0.000999423      14.1269 
   0.000999456      15.3919 
   0.000999489      16.7384 
   0.000999522      18.1668 
   0.000999566      20.1986 
   0.000999606      22.1776 
    0.00099966      25.0454 
   0.000999714      28.1124 
   0.000999776      31.8637 
    0.00099985      36.5536 
    0.00100009      52.3627 
    0.00100017       57.185 
    0.00100024      61.2111 
    0.00100029      63.6735 
    0.00100033      65.9256 
    0.00100038       67.854 
    0.00100044      69.6284 
    0.00100049       70.755 
    0.00100054      71.4725 
     0.0010006      71.7753 
     0.0010006      71.7759 
    0.00100065      71.5796 
     0.0010007      70.9389 
    0.00100075      69.8964 
     0.0010008      68.2963 
    0.00100085      66.4577 
     0.0010009      64.2866 
    0.00100095      61.8202 
    0.00100101      58.4208 
    0.00100108      54.2888 
    0.00100116      48.8765 
    0.00100134      37.4741 
    0.00100141      32.5003 
    0.00100147      28.9549 
    0.00100151      26.4845 
    0.00100157      23.5638 
    0.00100161      21.3712 
    0.00100165      19.2663 
    0.00100169      17.6835 
    0.00100172      16.1937 
    0.00100176      14.7968 
    0.00100179      13.4918 
    0.00100183       12.277 
    0.00100186      11.4086 
    0.00100188      10.5903 
    0.00100191      9.82073 
    0.00100194       9.0984 
    0.00100196      8.42166 
    0.00100199      7.78886 
    0.00100202       7.1982 
    0.00100204      6.64785 
    0.00100207      6.07354 
     0.0010021      5.54537 
    0.00100213      5.06067 
    0.00100216      4.72405 
    0.00100218      4.40923 
     0.0010022      4.11513 
    0.00100222      3.84067 
    0.00100225      3.58478 
    0.00100227      3.34646 
    0.00100229      3.10603 
    0.00100232      2.84984 
    0.00100235      2.61648 
    0.00100238      2.40418 
    0.00100241      2.21125 
    0.00100244      2.03611 
    0.00100246      1.87725 
    0.00100249      1.73328 
    0.00100252      1.60288 
    0.00100255      1.48484 
    0.00100258      1.37802 
    0.00100261      1.27451 
    0.00100264      1.17851 
    0.00100267      1.09262 
     0.0010027      1.01574 
    0.00100274     0.946886 
    0.00100277     0.885165 
     0.0010028     0.829776 
    0.00100283     0.779996 
    0.00100286     0.735186 
    0.00100289      0.69477 
    0.00100293     0.658242 
    0.00100296      0.61929 
      0.001003     0.584525 
    0.00100304     0.553377 
    0.00100308     0.525355 
    0.00100311      0.50004 
    0.00100315     0.477071 
     0.0010032     0.449568 
    0.00100325     0.425086 
     0.0010033      0.40313 
    0.00100336     0.381386 
    0.00100342     0.360084 
    0.00100348     0.340924 
    0.00100354     0.323562 
     0.0010036     0.307727 
    0.00100369     0.286382 
    0.00100378     0.267445 
    0.00100388     0.249398 
    0.00100398     0.232764 
    0.00100408     0.217847 
    0.00100418     0.204395 
    0.00100428     0.192211 
    0.00100439     0.180234 
    0.00100451     0.167775 
    0.00100464     0.156607 
    0.00100476      0.14655 
    0.00100489     0.137458 
    0.00100502     0.129207 
    0.00100516     0.120655 
     0.0010053     0.112942 
    0.00100545      0.10596 
    0.00100559    0.0996165 
    0.00100574    0.0938356 
    0.00100589    0.0881242 
    0.00100605    0.0827323 
    0.00100622    0.0778269 
    0.00100638    0.0733504 
    0.00100654    0.0692536 
    0.00100672    0.0651803 
    0.00100692    0.0608913 
    0.00100713    0.0570158 
    0.00100733    0.0535018 
    0.00100754    0.0503054 
    0.00100774     0.047389 
    0.00100797    0.0444347 
     0.0010082    0.0417499 
    0.00100843    0.0393027 
    0.00100865    0.0370657 
    0.00100888    0.0350153 
    0.00100914    0.0329062 
    0.00100941    0.0308808 
    0.00100968    0.0290375 
    0.00100995     0.027355 
    0.00101022    0.0258151 
    0.00101051    0.0243102 
    0.00101084    0.0227664 
    0.00101116    0.0213656 
    0.00101149    0.0200904 
    0.00101181    0.0189262 
    0.00101214    0.0178605 
     0.0010125    0.0167854 
    0.00101286    0.0158047 
    0.00101322    0.0149077 
    0.00101358    0.0140851 
    0.00101394    0.0133289 
    0.00101436    0.0125191 
    0.00101481      0.01173 
    0.00101526    0.0110131 
    0.00101572      0.01036 
    0.00101617   0.00976341 
    0.00101664   0.00919155 
    0.00101716   0.00862238 
    0.00101768   0.00810458 
    0.00101819   0.00763208 
    0.00101871   0.00719968 
    0.00101923   0.00680296 
    0.00101981   0.00639384 
     0.0010204   0.00602055 
    0.00102098   0.00567903 
    0.00102156   0.00536577 
    0.00102215   0.00507779 
    0.00102283   0.00476817 
    0.00102357   0.00446602 
     0.0010243   0.00419164 
    0.00102504   0.00394177 
    0.00102578    0.0037136 
    0.00102654    0.0034972 
    0.00102736   0.00328551 
    0.00102818   0.00309249 
      0.001029   0.00291606 
    0.00102982   0.00275434 
    0.00103064   0.00260565 
    0.00103151   0.00245964 
    0.00103239   0.00232557 
    0.00103355   0.00216324 
    0.00103472   0.00201735 
     0.0010359   0.00188459 
    0.00103709   0.00176353 
    0.00103828   0.00165383 
    0.00103947   0.00155402 
    0.00104065   0.00146359 
    0.00104182    0.0013814 
      0.001043   0.00130596 
    0.00104417   0.00123655 
    0.00104539      0.00117 
    0.00104666   0.00110636 
    0.00104793   0.00104781 
     0.0010492  0.000993832 
    0.00105049  0.000943381 
    0.00105244   0.00087395 
    0.00105438  0.000811957 
    0.00105633  0.000756379 
    0.00105828  0.000706361 
    0.00106023  0.000661186 
    0.00106213  0.000621092 
    0.00106404  0.000584565 
    0.00106601  0.000550136 
    0.00106811  0.000516778 
     0.0010702  0.000486404 
     0.0010723  0.000458668 
     0.0010744  0.000433274 
    0.00107649  0.000409968 
    0.00107889  0.000385572 
    0.00108129  0.000363351 
    0.00108418  0.000339087 
    0.00108707  0.000317227 
    0.00108995  0.000297464 
    0.00109284   0.00027954 
    0.00109573  0.000263233 
    0.00109862  0.000248356 
    0.00110172  0.000233798 
    0.00110482  0.000220539 
    0.00110761  0.000209542 
    0.00111181  0.000194581 
    0.00111601  0.000181233 
     0.0011202  0.000169278 
     0.0011244  0.000158527 
     0.0011286  0.000148823 
     0.0011328  0.000140039 
    0.00113761  0.000130943 
    0.00114243  0.000122763 
    0.00114725  0.000115384 
    0.00115207  0.000108703 
    0.00115688  0.000102637 
     0.0011617   9.71134e-5 
    0.00116652   9.20686e-5 
    0.00117134   8.74513e-5 
    0.00117756   8.20433e-5 
    0.00118378   7.71829e-5 
       0.00119   7.28005e-5 
    0.00119622   6.88363e-5 
    0.00120244   6.52395e-5 
    0.00120867   6.19668e-5 
    0.00121489    5.8981e-5 
    0.00122111   5.62527e-5 
     0.0012272   5.38015e-5 
     0.0012333   5.15436e-5 
    0.00124243   4.84939e-5 
    0.00125047   4.60722e-5 
    0.00126045   4.34003e-5 
    0.00127042   4.10344e-5 
     0.0012804   3.89322e-5 
    0.00129058   3.70236e-5 
    0.00130096   3.52906e-5 
    0.00131393   3.33893e-5 
    0.00132691   3.17332e-5 
    0.00133728   3.05679e-5 
    0.00134766   2.95253e-5 
    0.00135804   2.85916e-5 
    0.00136842   2.77569e-5 
     0.0013796   2.69583e-5 
    0.00139077   2.62533e-5 
    0.00140753   2.53608e-5 
    0.00142429   2.46222e-5 
    0.00144105   2.40471e-5 
    0.00145781   2.35955e-5 
    0.00147567   2.32576e-5 
    0.00149298   2.30554e-5 
    0.00151462   2.29666e-5 
    0.00153627    2.3053e-5 
    0.00155791   2.33145e-5 
    0.00157955   2.37457e-5 
    0.00160119   2.43636e-5 
    0.00162218   2.51413e-5 
    0.00164207   2.60646e-5 
    0.00166196   2.71761e-5 
    0.00167787   2.82216e-5 
    0.00169378   2.94191e-5 
    0.00170969   3.07857e-5 
    0.00172561   3.23416e-5 
    0.00174152   3.41115e-5 
    0.00175492   3.58032e-5 
    0.00176582   3.73106e-5 
    0.00177671    3.8959e-5 
    0.00178761   4.07446e-5 
    0.00179993   4.29919e-5 
    0.00181366   4.57933e-5 
    0.00182396    4.8134e-5 
    0.00183426    5.0684e-5 
    0.00184457   5.35029e-5 
    0.00185277   5.59291e-5 
    0.00186231   5.90132e-5 
    0.00187184   6.23973e-5 
    0.00188138   6.61193e-5 
    0.00189092   7.02236e-5 
    0.00190046   7.47618e-5 
    0.00190999   7.97951e-5 
    0.00191953   8.53954e-5 
    0.00192799   9.09042e-5 
    0.00193538   9.61894e-5 
    0.00194276  0.000101974 
    0.00195015  0.000108323 
    0.00195753   0.00011531 
    0.00196491  0.000123023 
     0.0019723  0.000131562 
    0.00197968  0.000141049 
    0.00198338  0.000146199 
    0.00199101  0.000157773 
    0.00199674  0.000167414 
    0.00200246  0.000177982 
    0.00200819  0.000189598 
    0.00201392  0.000202406 
    0.00201964  0.000216575 
    0.00202533  0.000232196 
    0.00203077  0.000248776 
    0.00203575  0.000265577 
    0.00204073  0.000284152 
    0.00204571  0.000304756 
     0.0020507  0.000327692 
    0.00205568  0.000353327 
      0.002059  0.000372133 
    0.00206232  0.000392478 
    0.00206599     0.000417 
    0.00206967  0.000443923 
     0.0020731  0.000471436 
    0.00207653  0.000501589 
    0.00207995  0.000534728 
    0.00208338  0.000571262 
    0.00208681  0.000611666 
    0.00209023  0.000656507 
    0.00209287   0.00069435 
     0.0020955  0.000735594 
    0.00209809   0.00077976 
    0.00210057  0.000826136 
    0.00210306  0.000876765 
    0.00210555  0.000932185 
    0.00210804  0.000993018 
    0.00211053   0.00105999 
    0.00211306   0.00113543 
     0.0021156   0.00121918 
    0.00211819   0.00131466 
    0.00211999   0.00138768 
    0.00212178   0.00146695 
    0.00212358   0.00155318 
    0.00212532   0.00164407 
      0.002127   0.00173971 
    0.00212869    0.0018439 
    0.00213037   0.00195765 
     0.0021321   0.00208651 
    0.00213389   0.00223317 
    0.00213568   0.00239582 
    0.00213747   0.00257686 
    0.00213917   0.00276846 
    0.00214078   0.00297029 
     0.0021424   0.00319487 
     0.0021436   0.00338042 
    0.00214481   0.00358265 
    0.00214597   0.00379344 
    0.00214712   0.00402337 
    0.00214827   0.00427481 
    0.00214943   0.00455055 
    0.00215058   0.00485379 
     0.0021516   0.00514622 
    0.00215255     0.005443 
    0.00215349   0.00576623 
    0.00215444   0.00611918 
    0.00215538   0.00650554 
     0.0021563    0.0069152 
    0.00215715   0.00733313 
    0.00215801   0.00779009 
    0.00215886   0.00829104 
    0.00215971   0.00884177 
    0.00216057   0.00944921 
    0.00216126   0.00998901 
    0.00216195    0.0105765 
    0.00216265    0.0112174 
    0.00216334    0.0119184 
    0.00216403    0.0126871 
    0.00216466    0.0134529 
    0.00216526    0.0142468 
    0.00216586     0.015113 
    0.00216646    0.0160609 
    0.00216705    0.0171009 
    0.00216763    0.0182039 
    0.00216817    0.0193257 
     0.0021687    0.0205547 
    0.00216924    0.0219049 
    0.00216978    0.0233927 
    0.00217031    0.0250378 
    0.00217086    0.0269258 
    0.00217128     0.028486 
    0.00217169    0.0301864 
    0.00217211    0.0320443 
    0.00217252    0.0340799 
     0.0021729    0.0361056 
    0.00217328    0.0383182 
    0.00217366    0.0407415 
    0.00217403    0.0434035 
    0.00217441    0.0463368 
    0.00217475    0.0492429 
    0.00217507    0.0522492 
     0.0021754    0.0555417 
    0.00217572     0.059158 
    0.00217604    0.0631425 
    0.00217634    0.0672694 
     0.0021766    0.0712107 
    0.00217687    0.0755128 
    0.00217713    0.0802215 
    0.00217739    0.0853905 
    0.00217766    0.0910826 
    0.00217789    0.0967287 
    0.00217813     0.102925 
    0.00217837     0.109747 
    0.00217861     0.117283 
    0.00217884     0.125639 
    0.00217905      0.13371 
    0.00217924     0.141931 
    0.00217944     0.150955 
    0.00217963     0.160892 
    0.00217982     0.171874 
    0.00218001     0.183479 
    0.00218017     0.195071 
    0.00218034     0.207841 
    0.00218051     0.221964 
    0.00218067      0.23765 
    0.00218084     0.255154 
    0.00218099     0.272634 
    0.00218114      0.29211 
    0.00218129     0.313936 
    0.00218139     0.330012 
    0.00218149     0.347497 
    0.00218158     0.366593 
    0.00218167     0.385077 
    0.00218179     0.411832 
     0.0021819     0.442043 
    0.00218198     0.464475 
    0.00218206     0.489066 
    0.00218214     0.516162 
    0.00218221     0.546179 
    0.00218229     0.578031 
    0.00218236     0.611766 
    0.00218243     0.649361 
     0.0021825     0.691463 
    0.00218257     0.738841 
    0.00218262     0.778375 
    0.00218267     0.821822 
    0.00218272      0.86968 
    0.00218278     0.922506 
    0.00218283     0.977888 
    0.00218287      1.03227 
    0.00218292      1.09166 
    0.00218296      1.15658 
      0.002183      1.22759 
    0.00218305      1.30532 
    0.00218309      1.39044 
    0.00218314      1.48366 
    0.00218318      1.58579 
    0.00218323      1.69765 
    0.00218327      1.82015 
    0.00218331      1.93566 
    0.00218336      2.09076 
    0.00218341      2.26139 
    0.00218345      2.44893 
     0.0021835      2.65485 
    0.00218355      2.88068 
     0.0021836      3.12803 
    0.00218365      3.39855 
    0.00218369      3.68276 
    0.00218374      3.97948 
    0.00218378      4.30045 
    0.00218382      4.64707 
    0.00218387      5.02078 
    0.00218391      5.42295 
    0.00218396      5.85496 
      0.002184      6.31812 
    0.00218404      6.80236 
    0.00218409      7.30664 
    0.00218413       7.8425 
    0.00218417      8.41078 
    0.00218423      9.32554 
     0.0021843      10.3167 
    0.00218436      11.3853 
    0.00218442      12.5315 
    0.00218449      13.7543 
    0.00218455      15.0517 
    0.00218464      16.8916 
    0.00218472      18.8965 
    0.00218484      21.7441 
    0.00218501      26.0754 
    0.00218522      31.5014 
    0.00218532      33.9914 
    0.00218542      36.3039 
    0.00218551       38.179 
     0.0021856      39.8118 
    0.00218567      40.8407 
    0.00218574      41.6995 
     0.0021858      42.3758 
    0.00218588      42.8788 
    0.00218595      43.1669 
      0.002186      43.2262 
    0.00218606      43.1538 
    0.00218613      42.8553 
     0.0021862      42.3397 
    0.00218627      41.6519 
    0.00218633      40.7825 
    0.00218644      39.1655 
    0.00218652      37.5301 
    0.00218662      35.4651 
    0.00218672      33.0793 
    0.00218686      29.6724 
    0.00218712      22.6946 
    0.00218724      19.7999 
    0.00218733      17.7004 
     0.0021874      15.9953 
    0.00218748      14.3881 
    0.00218756       12.886 
    0.00218761      11.8311 
    0.00218768      10.7325 
    0.00218774      9.71136 
     0.0021878      8.76707 
    0.00218785      8.17948 
    0.00218789      7.62473 
    0.00218793      7.10202 
    0.00218798      6.55041 
    0.00218803      5.98159 
    0.00218808      5.45789 
    0.00218812       5.0934 
    0.00218816      4.75206 
     0.0021882      4.43285 
    0.00218824      4.13478 
    0.00218828      3.85679 
    0.00218832      3.59788 
    0.00218836      3.35703 
     0.0021884      3.11917 
    0.00218845      2.89303 
    0.00218849      2.68492 
    0.00218854      2.49361 
    0.00218858      2.31793 
    0.00218862      2.15674 
    0.00218867      2.00896 
    0.00218871      1.87356 
    0.00218875      1.74957 
     0.0021888      1.63607 
    0.00218884      1.53221 
    0.00218889      1.42873 
    0.00218894      1.33482 
    0.00218898      1.24958 
    0.00218903      1.17217 
    0.00218908      1.10182 
    0.00218913      1.03785 
    0.00218917     0.979612 
    0.00218922     0.926532 
    0.00218927     0.878088 
    0.00218932     0.833806 
    0.00218937      0.79138 
    0.00218942     0.749204 
    0.00218948     0.710896 
    0.00218953     0.676007 
     0.0021896     0.634128 
    0.00218968     0.596821 
    0.00218975     0.563409 
    0.00218982     0.533328 
     0.0021899     0.506105 
    0.00218997     0.479847 
    0.00219005     0.454623 
    0.00219014       0.4317 
    0.00219022     0.410763 
    0.00219034     0.382519 
    0.00219047     0.357463 
    0.00219059     0.335062 
    0.00219069     0.317961 
     0.0021908     0.302247 
    0.00219095      0.28093 
    0.00219111     0.261928 
    0.00219126     0.244893 
    0.00219142     0.229544 
    0.00219159     0.214173 
    0.00219176     0.200353 
    0.00219194     0.187873 
    0.00219211     0.176559 
    0.00219228     0.166266 
    0.00219248     0.155754 
    0.00219268     0.145728 
    0.00219289     0.136661 
    0.00219309     0.128432 
     0.0021933     0.120938 
    0.00219352     0.113649 
    0.00219376     0.106207 
    0.00219401     0.099484 
    0.00219426    0.0933884 
    0.00219451    0.0878437 
    0.00219475    0.0827846 
    0.00219503    0.0776968 
     0.0021953    0.0730692 
    0.00219557    0.0688472 
    0.00219584    0.0649845 
    0.00219612    0.0614409 
    0.00219644     0.057654 
    0.00219678    0.0539714 
    0.00219712    0.0506333 
    0.00219746    0.0475977 
    0.00219781     0.044829 
    0.00219817    0.0421792 
    0.00219856    0.0395455 
    0.00219895    0.0371526 
    0.00219934    0.0349716 
    0.00219974    0.0329782 
    0.00220013    0.0311513 
    0.00220057    0.0292691 
    0.00220101    0.0275532 
    0.00220146    0.0259846 
     0.0022019    0.0245468 
    0.00220234    0.0232258 
    0.00220286    0.0218062 
    0.00220342    0.0204218 
    0.00220398    0.0191656 
    0.00220454    0.0180221 
     0.0022051    0.0169784 
    0.00220567    0.0159888 
     0.0022063    0.0150211 
    0.00220692     0.014139 
    0.00220754    0.0133328 
    0.00220816    0.0125939 
    0.00220878    0.0119149 
    0.00220952    0.0111775 
    0.00221026    0.0105068 
      0.002211   0.00989479 
    0.00221173   0.00933493 
    0.00221247   0.00882145 
    0.00221331   0.00828807 
     0.0022142   0.00777409 
    0.00221509    0.0073066 
    0.00221598    0.0068801 
    0.00221687   0.00648996 
    0.00221778   0.00612033 
    0.00221877   0.00575983 
    0.00221975   0.00543037 
    0.00222073   0.00512851 
    0.00222138   0.00494112 
    0.00222269   0.00459607 
    0.00222392   0.00430339 
    0.00222515   0.00403784 
    0.00222638   0.00379622 
    0.00222762   0.00357574 
    0.00222885     0.003374 
    0.00223009   0.00318697 
    0.00223093   0.00307021 
    0.00223259   0.00285532 
    0.00223426    0.0026623 
    0.00223593   0.00248824 
    0.00223763   0.00232833 
    0.00223932   0.00218343 
    0.00224102   0.00205171 
    0.00224271   0.00193162 
    0.00224438   0.00182347 
    0.00224605   0.00172426 
    0.00224772   0.00163298 
    0.00224939   0.00154876 
    0.00225186   0.00143593 
    0.00225432   0.00133506 
    0.00225678   0.00124453 
    0.00225925   0.00116296 
    0.00226171   0.00108921 
    0.00226422   0.00102118 
    0.00226675  0.000958808 
    0.00226929   0.00090201 
    0.00227194  0.000847813 
    0.00227459  0.000798399 
    0.00227724  0.000753219 
     0.0022799  0.000711802 
    0.00228255  0.000673741 
    0.00228551   0.00063478 
    0.00228863  0.000597383 
    0.00229174  0.000563199 
     0.0022954  0.000526765 
    0.00229905  0.000493795 
     0.0023027   0.00046386 
    0.00230636    0.0004366 
    0.00231001  0.000411703 
    0.00231367  0.000388904 
    0.00231812  0.000363648 
    0.00232257  0.000340787 
    0.00232788  0.000316281 
    0.00233319  0.000294365 
     0.0023385  0.000274684 
    0.00234381  0.000256944 
    0.00234912    0.0002409 
    0.00235512  0.000224568 
    0.00236163  0.000208658 
    0.00236849  0.000193703 
    0.00237534  0.000180336 
     0.0023822  0.000168334 
    0.00238906  0.000157516 
    0.00239591  0.000147731 
    0.00240344  0.000138047 
    0.00240988  0.000130494 
    0.00241775  0.000122106 
    0.00242562  0.000114524 
     0.0024335  0.000107647 
    0.00244137  0.000101388 
    0.00244924   9.56767e-5 
    0.00245711   9.04498e-5 
    0.00246556   8.53224e-5 
    0.00247515   8.00236e-5 
    0.00248532   7.49476e-5 
    0.00249549    7.0357e-5 
    0.00250566   6.61914e-5 
    0.00251583   6.23993e-5 
      0.002526   5.89373e-5 
    0.00253617   5.57676e-5 
    0.00254803   5.24063e-5 
    0.00255903   4.95628e-5 
    0.00257173   4.65582e-5 
    0.00258442   4.38491e-5 
    0.00259711   4.13661e-5 
    0.00260981   3.91126e-5 
    0.00262338   3.68998e-5 
    0.00263738   3.48295e-5 
    0.00265139   3.29263e-5 
    0.00266835   3.08424e-5 
    0.00268531   2.89622e-5 
    0.00270227   2.72594e-5 
    0.00271923   2.57121e-5 
    0.00274043   2.39709e-5 
    0.00276163   2.24087e-5 
    0.00278283   2.10087e-5 
    0.00280349   1.97758e-5 
    0.00282539   1.85916e-5 
     0.0028473   1.75192e-5 
     0.0028692   1.65446e-5 
    0.00289658   1.54448e-5 
    0.00292396   1.44636e-5 
    0.00295133   1.35792e-5 
     0.0029835   1.26532e-5 
    0.00301179   1.19212e-5 
    0.00304008   1.12577e-5 
    0.00306837   1.06544e-5 
    0.00310374     9.973e-6 
     0.0031391   9.36483e-6 
    0.00316032   9.02862e-6 
    0.00319676   8.49988e-6 
    0.00323752   7.96774e-6 
    0.00327829   7.49332e-6 
    0.00331905   7.06596e-6 
    0.00335166   6.75505e-6 
    0.00338427   6.46832e-6 
    0.00341688   6.20336e-6 
    0.00346522     5.848e-6 
    0.00351634   5.51004e-6 
    0.00356353   5.23121e-6 
    0.00362253   4.91996e-6 
    0.00368152   4.64652e-6 
    0.00374051   4.40371e-6 
     0.0038113   4.14931e-6 
    0.00387336   3.95519e-6 
    0.00393281   3.79062e-6 
    0.00400713   3.61138e-6 
    0.00408145   3.45986e-6 
    0.00415876   3.32701e-6 
    0.00423681   3.21794e-6 
    0.00431487   3.13087e-6 
    0.00439317   3.06614e-6 
    0.00447163   3.02207e-6 
    0.00455009   3.00042e-6 
    0.00458147    2.9974e-6 
     0.0046445   3.00338e-6 
    0.00469184   3.01804e-6 
    0.00473917     3.042e-6 
    0.00478651   3.07587e-6 
    0.00483384   3.12042e-6 
    0.00490485   3.20927e-6 
    0.00496402    3.3066e-6 
    0.00502245   3.42551e-6 
    0.00505999   3.51611e-6 
    0.00509752   3.61905e-6 
    0.00514444   3.76748e-6 
    0.00519136   3.93998e-6 
    0.00523828    4.1421e-6 
    0.00527581   4.32745e-6 
    0.00531425   4.54231e-6 
    0.00535784   4.82261e-6 
    0.00539416   5.09129e-6 
    0.00543048   5.39571e-6 
    0.00545953   5.67023e-6 
    0.00548859   5.97607e-6 
    0.00551765   6.31772e-6 
    0.00554578   6.68821e-6 
     0.0055739   7.10226e-6 
    0.00560203    7.5692e-6 
    0.00562453   7.98515e-6 
    0.00564703   8.44483e-6 
    0.00566954    8.9544e-6 
    0.00569204   9.52112e-6 
    0.00571487   1.01635e-5 
    0.00573207   1.06973e-5 
    0.00574928   1.12844e-5 
    0.00576648   1.19243e-5 
    0.00578368   1.26322e-5 
    0.00580131   1.34282e-5 
    0.00581916   1.43283e-5 
      0.005837   1.53239e-5 
    0.00585049   1.61568e-5 
    0.00586398   1.70664e-5 
    0.00587746   1.80618e-5 
    0.00589095   1.91539e-5 
    0.00590444   2.03556e-5 
    0.00591793   2.16822e-5 
    0.00593142   2.31515e-5 
     0.0059449   2.47842e-5 
    0.00595665   2.63596e-5 
     0.0059684   2.80987e-5 
    0.00598015   3.00236e-5 
     0.0059919   3.21626e-5 
    0.00600365   3.45496e-5 
    0.00601539   3.72235e-5 
    0.00602655   4.00711e-5 
    0.00603653   4.29106e-5 
    0.00604563   4.57819e-5 
    0.00605473   4.89599e-5 
    0.00606382   5.24894e-5 
    0.00607292   5.64249e-5 
    0.00608201   6.08316e-5 
    0.00609065   6.55239e-5 
    0.00609626   6.88671e-5 
    0.00610252   7.29224e-5 
    0.00610878   7.73533e-5 
    0.00611504   8.22075e-5 
     0.0061213   8.75407e-5 
    0.00612757   9.34182e-5 
    0.00613383   9.99165e-5 
    0.00613973  0.000106699 
    0.00614564  0.000114196 
     0.0061517  0.000122756 
    0.00615624   0.00012983 
    0.00616079   0.00013754 
    0.00616533  0.000145965 
    0.00616987  0.000155193 
    0.00617442  0.000165334 
    0.00617896  0.000176509 
     0.0061834  0.000188548 
    0.00618762  0.000201204 
    0.00619184  0.000215189 
    0.00619607  0.000230692 
    0.00620029  0.000247943 
    0.00620451  0.000267213 
    0.00620748  0.000282132 
    0.00621045  0.000298338 
    0.00621341  0.000315976 
    0.00621638  0.000335243 
    0.00621928  0.000355887 
    0.00622219  0.000378505 
     0.0062251  0.000403356 
      0.006228  0.000430744 
    0.00623094  0.000461416 
    0.00623388  0.000495487 
    0.00623609  0.000523572 
    0.00623829  0.000554129 
    0.00624047   0.00058695 
    0.00624258  0.000621678 
    0.00624469  0.000659588 
     0.0062468   0.00070108 
    0.00624891  0.000746622 
    0.00625102  0.000796752 
    0.00625274  0.000841673 
    0.00625447  0.000890502 
     0.0062562  0.000943728 
    0.00625793   0.00100189 
    0.00625966   0.00106561 
    0.00626127   0.00113084 
    0.00626283   0.00119966 
    0.00626439   0.00127496 
    0.00626595   0.00135758 
    0.00626751   0.00144849 
    0.00626897   0.00154224 
    0.00627023   0.00163096 
     0.0062715   0.00172757 
    0.00627276   0.00183306 
    0.00627403   0.00194852 
    0.00627529   0.00207525 
    0.00627639   0.00219507 
    0.00627748   0.00232556 
    0.00627857   0.00246807 
    0.00627967   0.00262413 
    0.00628076   0.00279552 
    0.00628178   0.00297056 
    0.00628275    0.0031551 
    0.00628373   0.00335742 
    0.00628471   0.00357987 
    0.00628569   0.00382523 
    0.00628634   0.00400312 
    0.00628736   0.00430418 
    0.00628811   0.00455293 
    0.00628887   0.00482397 
    0.00628963   0.00512006 
    0.00629039   0.00544438 
    0.00629108   0.00576706 
    0.00629177   0.00611942 
    0.00629246   0.00650523 
    0.00629315   0.00692891 
    0.00629384   0.00739562 
    0.00629446   0.00785786 
    0.00629504   0.00833592 
    0.00629563   0.00885928 
    0.00629622   0.00943389 
     0.0062968    0.0100667 
    0.00629736    0.0107218 
    0.00629784     0.011347 
    0.00629832    0.0120291 
     0.0062988    0.0127753 
    0.00629928    0.0135939 
    0.00629976    0.0144947 
    0.00630019    0.0153876 
    0.00630063    0.0163668 
    0.00630106    0.0174438 
     0.0063015    0.0186326 
    0.00630193    0.0199493 
    0.00630231      0.02122 
    0.00630266    0.0225131 
    0.00630301    0.0239307 
    0.00630336    0.0254898 
    0.00630372    0.0272102 
    0.00630405    0.0290253 
    0.00630436    0.0308348 
    0.00630466    0.0328244 
    0.00630497    0.0350199 
    0.00630527    0.0374521 
    0.00630557    0.0401579 
    0.00630585    0.0428499 
    0.00630612     0.045837 
    0.00630639    0.0491674 
    0.00630666    0.0529015 
    0.00630684     0.055652 
    0.00630703    0.0586433 
    0.00630724    0.0624656 
    0.00630745    0.0667248 
    0.00630766    0.0715059 
     0.0063078     0.075037 
    0.00630794    0.0788907 
    0.00630808     0.083118 
    0.00630822    0.0875603 
    0.00630834    0.0922232 
    0.00630847     0.097378 
     0.0063086      0.10311 
    0.00630873     0.109524 
    0.00630886     0.116746 
    0.00630895     0.122783 
    0.00630905     0.129437 
    0.00630914     0.136796 
    0.00630923      0.14411 
    0.00630931     0.151697 
    0.00630939     0.160023 
    0.00630947     0.169176 
    0.00630956     0.179258 
    0.00630964     0.190379 
    0.00630972     0.202662 
     0.0063098     0.216246 
    0.00630988     0.231281 
    0.00630996     0.247934 
    0.00631005     0.266387 
    0.00631011     0.282993 
    0.00631018      0.30106 
    0.00631025     0.320718 
    0.00631031       0.3421 
    0.00631038     0.365353 
    0.00631045      0.39063 
    0.00631051     0.418093 
    0.00631058     0.447912 
    0.00631065     0.480269 
    0.00631071     0.515352 
    0.00631078     0.552011 
    0.00631084     0.588686 
     0.0063109     0.628029 
    0.00631096     0.670196 
    0.00631104     0.731093 
    0.00631112      0.79769 
     0.0063112     0.870388 
    0.00631128      0.94959 
    0.00631136       1.0357 
    0.00631143      1.11893 
     0.0063115      1.19745 
    0.00631156      1.28094 
    0.00631165      1.41589 
    0.00631175      1.56303 
    0.00631184      1.72289 
    0.00631194      1.89397 
    0.00631203       2.0741 
    0.00631212      2.26718 
    0.00631221      2.47337 
     0.0063123      2.69272 
    0.00631242      3.00363 
    0.00631254      3.33105 
    0.00631266       3.6791 
    0.00631281      4.14085 
    0.00631297      4.66845 
    0.00631318      5.36528 
    0.00631368      7.12259 
    0.00631382       7.6122 
    0.00631402      8.20793 
    0.00631416      8.61058 
     0.0063143      8.96597 
    0.00631443      9.22975 
    0.00631457      9.47704 
    0.00631471      9.65783 
    0.00631481      9.73928 
    0.00631493      9.79681 
      0.006315       9.8048 
    0.00631515      9.76503 
     0.0063153      9.64205 
    0.00631544      9.45404 
    0.00631559      9.19054 
    0.00631573      8.88594 
    0.00631587      8.54459 
    0.00631601      8.13472 
     0.0063162      7.53174 
    0.00631645      6.66891 
    0.00631691      5.06288 
    0.00631707      4.52766 
    0.00631725      3.95161 
     0.0063174      3.50164 
    0.00631752      3.16393 
    0.00631763       2.8474 
    0.00631772      2.62437 
    0.00631781      2.41385 
     0.0063179       2.2159 
    0.00631799      2.04698 
    0.00631807      1.88824 
    0.00631815      1.73947 
    0.00631823      1.60045 
    0.00631831      1.47087 
    0.00631839      1.35042 
    0.00631847      1.23874 
    0.00631855      1.13544 
    0.00631864       1.0363 
     0.0063187     0.967353 
    0.00631877     0.902809 
    0.00631883     0.842469 
    0.00631889     0.786131 
    0.00631896     0.733591 
    0.00631902      0.68465 
    0.00631908     0.639112 
    0.00631915     0.596785 
    0.00631921     0.557481 
    0.00631928     0.519608 
    0.00631935     0.483963 
    0.00631941     0.451102 
    0.00631948     0.420833 
    0.00631955     0.392972 
    0.00631962     0.367341 
    0.00631968     0.343775 
    0.00631975     0.322117 
    0.00631982     0.302218 
    0.00631988     0.283938 
    0.00631995     0.267148 
    0.00632004     0.248315 
    0.00632012     0.231351 
     0.0063202     0.216062 
    0.00632028     0.202274 
    0.00632037     0.189826 
    0.00632045     0.178576 
    0.00632053     0.168393 
    0.00632062     0.159162 
     0.0063207     0.150778 
    0.00632078     0.143148 
    0.00632087      0.13595 
    0.00632096     0.128955 
    0.00632105     0.122603 
    0.00632115     0.116816 
    0.00632127     0.109864 
    0.00632139     0.103662 
    0.00632151    0.0980961 
    0.00632164    0.0930734 
    0.00632176    0.0885158 
     0.0063219    0.0839227 
    0.00632205    0.0793573 
     0.0063222    0.0752233 
    0.00632235    0.0714578 
     0.0063225    0.0680102 
    0.00632272    0.0633466 
    0.00632295    0.0591973 
     0.0063232    0.0550703 
    0.00632346    0.0512105 
    0.00632372    0.0477675 
    0.00632399    0.0446785 
    0.00632425    0.0418935 
    0.00632453    0.0392924 
    0.00632482    0.0367917 
    0.00632511    0.0345303 
     0.0063254    0.0324775 
    0.00632569    0.0306075 
    0.00632598    0.0288987 
    0.00632635    0.0269003 
    0.00632673    0.0251067 
     0.0063271    0.0234903 
    0.00632748    0.0220279 
    0.00632785    0.0207003 
    0.00632826    0.0194016 
    0.00632868    0.0181828 
     0.0063291    0.0170769 
    0.00632951    0.0160702 
    0.00632993    0.0151511 
    0.00633037    0.0142675 
    0.00633086    0.0133835 
    0.00633134    0.0125799 
    0.00633183    0.0118473 
    0.00633231    0.0111775 
     0.0063328    0.0105634 
    0.00633339   0.00987387 
    0.00633399   0.00925024 
    0.00633459   0.00868429 
    0.00633519   0.00816906 
    0.00633578   0.00769864 
    0.00633642   0.00723827 
    0.00633709   0.00680473 
    0.00633775   0.00640923 
    0.00633841   0.00604743 
    0.00633907   0.00571558 
    0.00633978   0.00538901 
    0.00634059   0.00505076 
     0.0063414   0.00474352 
    0.00634221   0.00446358 
    0.00634302   0.00420782 
    0.00634382   0.00397352 
    0.00634477   0.00372252 
    0.00634572   0.00349468 
    0.00634667   0.00328721 
    0.00634762   0.00309773 
    0.00634857   0.00292422 
    0.00634958   0.00275485 
    0.00635063   0.00259523 
    0.00635167   0.00244914 
    0.00635271    0.0023151 
    0.00635376   0.00219182 
     0.0063549    0.0020676 
    0.00635625   0.00193446 
     0.0063576   0.00181381 
    0.00635895   0.00170412 
     0.0063603   0.00160413 
    0.00636165   0.00151272 
    0.00636315   0.00141963 
    0.00636466   0.00133492 
    0.00636616   0.00125761 
    0.00636767   0.00118686 
    0.00636917   0.00112192 
    0.00637083   0.00105623 
    0.00637258  0.000993457 
    0.00637432  0.000936143 
    0.00637606  0.000883672 
     0.0063778  0.000835514 
    0.00637967  0.000787921 
    0.00638182  0.000738326 
    0.00638397  0.000693284 
    0.00638612  0.000652254 
    0.00638826  0.000614782 
    0.00639041  0.000580469 
    0.00639319  0.000540097 
    0.00639598  0.000503824 
    0.00639877  0.000471117 
    0.00640155  0.000441532 
    0.00640465  0.000411804 
    0.00640775  0.000385003 
    0.00641084  0.000360759 
    0.00641394  0.000338758 
    0.00641721  0.000317646 
    0.00642049   0.00029847 
    0.00642376  0.000281008 
    0.00642704  0.000265067 
    0.00643016  0.000251075 
    0.00643329  0.000238185 
    0.00643798  0.000220665 
    0.00644242  0.000205826 
    0.00644673  0.000192824 
    0.00645104   0.00018104 
     0.0064561  0.000168557 
    0.00646117  0.000157348 
    0.00646616   0.00014739 
      0.006471  0.000138622 
    0.00647585  0.000130637 
    0.00648069  0.000123344 
    0.00648553  0.000116666 
    0.00649038  0.000110535 
    0.00649579  0.000104266 
     0.0065012   9.85432e-5 
    0.00650814   9.18873e-5 
    0.00651482   8.61364e-5 
    0.00652149   8.09381e-5 
    0.00652816   7.62248e-5 
    0.00653484   7.19384e-5 
    0.00654151   6.80299e-5 
    0.00654867   6.42114e-5 
     0.0065563   6.05142e-5 
    0.00656335   5.74052e-5 
    0.00657302   5.35512e-5 
    0.00658269   5.01185e-5 
    0.00659236   4.70498e-5 
    0.00660203   4.42971e-5 
    0.00661171   4.18213e-5 
    0.00662246   3.93553e-5 
     0.0066344   3.69212e-5 
    0.00664692    3.4665e-5 
    0.00665944   3.26742e-5 
    0.00667197   3.09153e-5 
    0.00668449   2.93587e-5 
    0.00669702   2.79803e-5 
    0.00670954   2.67613e-5 
    0.00672333    2.5584e-5 
    0.00673712   2.45614e-5 
    0.00675091   2.36789e-5 
     0.0067647    2.2925e-5 
    0.00677967   2.22408e-5 
    0.00679465   2.16874e-5 
    0.00680962   2.12587e-5 
     0.0068246   2.09504e-5 
    0.00683758   2.07792e-5 
     0.0068538   2.06924e-5 
    0.00685705   2.06913e-5 
    0.00687003   2.07483e-5 
    0.00688734   2.09779e-5 
    0.00689816   2.12144e-5 
    0.00691303   2.16658e-5 
    0.00692521   2.21579e-5 
    0.00693738   2.27716e-5 
    0.00694955   2.35211e-5 
    0.00696154   2.44088e-5 
    0.00697316   2.54317e-5 
    0.00698384    2.6537e-5 
    0.00699452   2.78138e-5 
     0.0070052    2.9303e-5 
    0.00701231   3.04248e-5 
    0.00701943   3.16547e-5 
    0.00702655   3.30268e-5 
    0.00703336   3.44761e-5 
    0.00703984   3.60002e-5 
    0.00704633   3.76794e-5 
    0.00705281   3.95331e-5 
     0.0070593   4.15838e-5 
    0.00706579   4.38577e-5 
    0.00707227   4.63859e-5 
    0.00707876   4.92048e-5 
    0.00708514   5.23018e-5 
    0.00709142   5.57149e-5 
     0.0070977    5.9546e-5 
     0.0071024   6.27341e-5 
    0.00710711   6.62294e-5 
    0.00711182   7.00715e-5 
    0.00711653   7.43066e-5 
     0.0071212   7.89451e-5 
    0.00712579   8.39889e-5 
    0.00713037     8.959e-5 
    0.00713482   9.56248e-5 
     0.0071392  0.000102234 
    0.00714357  0.000109611 
    0.00714673  0.000115493 
     0.0071499  0.000121894 
    0.00715306  0.000128873 
    0.00715623  0.000136504 
     0.0071592  0.000144347 
    0.00716217  0.000152921 
    0.00716514   0.00016232 
    0.00716812  0.000172652 
    0.00717131  0.000184924 
     0.0071745  0.000198603 
    0.00717689  0.000209912 
    0.00717928  0.000222245 
     0.0071816  0.000235331 
    0.00718379  0.000248755 
    0.00718598  0.000263392 
    0.00718816  0.000279391 
    0.00719035  0.000296927 
    0.00719253  0.000316203 
    0.00719437  0.000333952 
    0.00719621   0.00035326 
    0.00719805  0.000374323 
    0.00719989  0.000397366 
    0.00720173  0.000422639 
    0.00720345  0.000448476 
     0.0072051  0.000475719 
    0.00720676  0.000505553 
    0.00720841  0.000538315 
    0.00721007  0.000574396 
    0.00721161  0.000611374 
    0.00721292  0.000645772 
    0.00721423   0.00068319 
    0.00721554  0.000723989 
    0.00721685  0.000768587 
    0.00721816   0.00081747 
    0.00721932  0.000864872 
    0.00722048  0.000916545 
    0.00722164   0.00097302 
    0.00722281   0.00103492 
    0.00722397   0.00110297 
    0.00722503   0.00117135 
    0.00722605   0.00124269 
    0.00722706   0.00132081 
    0.00722808   0.00140657 
    0.00722909   0.00150101 
    0.00723004   0.00159794 
    0.00723084   0.00168849 
    0.00723165   0.00178701 
    0.00723246   0.00189448 
    0.00723327   0.00201202 
    0.00723408   0.00214091 
    0.00723481   0.00226874 
    0.00723554   0.00240843 
    0.00723628   0.00256153 
    0.00723701    0.0027298 
    0.00723774   0.00291536 
    0.00723839   0.00309635 
      0.007239   0.00328166 
    0.00723961   0.00348426 
    0.00724021    0.0037064 
    0.00724082   0.00395068 
     0.0072414    0.0042053 
    0.00724191    0.0044531 
    0.00724242   0.00472371 
    0.00724293   0.00502005 
    0.00724345   0.00534555 
    0.00724396   0.00570419 
    0.00724442   0.00605874 
    0.00724488   0.00644791 
    0.00724534   0.00687645 
     0.0072458   0.00734993 
    0.00724626     0.007875 
    0.00724666    0.0083747 
    0.00724702   0.00887833 
    0.00724738   0.00942987 
    0.00724775    0.0100358 
    0.00724811    0.0107036 
    0.00724846    0.0114132 
    0.00724879    0.0121338 
    0.00724911    0.0129272 
    0.00724943    0.0138042 
    0.00724976    0.0147773 
    0.00725008    0.0158622 
    0.00725036     0.016915 
    0.00725065    0.0180831 
    0.00725093    0.0193858 
    0.00725121    0.0208484 
     0.0072514    0.0219282 
    0.00725159    0.0231067 
    0.00725181     0.024668 
    0.00725204    0.0264319 
    0.00725219    0.0277458 
    0.00725234    0.0291943 
    0.00725249    0.0308049 
    0.00725264    0.0326129 
    0.00725275    0.0341258 
    0.00725285    0.0356897 
    0.00725296    0.0373587 
    0.00725306    0.0392091 
    0.00725316    0.0412726 
    0.00725326    0.0435867 
    0.00725336    0.0461963 
    0.00725347    0.0491547 
    0.00725357    0.0525249 
    0.00725364    0.0550367 
     0.0072537    0.0577898 
    0.00725377     0.060812 
    0.00725384    0.0641349 
     0.0072539    0.0674689 
    0.00725399    0.0725111 
    0.00725404    0.0762323 
     0.0072541    0.0802725 
    0.00725416    0.0846611 
    0.00725421    0.0894298 
    0.00725427     0.094613 
    0.00725433     0.100248 
    0.00725438     0.106374 
    0.00725444     0.113034 
    0.00725449     0.120275 
    0.00725455     0.128146 
    0.00725461       0.1367 
    0.00725466     0.145995 
    0.00725472     0.156089 
    0.00725478     0.167049 
    0.00725482     0.176999 
    0.00725487     0.187655 
    0.00725492     0.199061 
    0.00725497     0.211267 
    0.00725501     0.224321 
    0.00725506     0.238277 
    0.00725511     0.253189 
    0.00725516     0.269114 
     0.0072552     0.286113 
    0.00725527     0.313759 
    0.00725535     0.344179 
    0.00725542     0.377606 
    0.00725549     0.414283 
    0.00725556     0.453051 
    0.00725562     0.492262 
    0.00725569     0.534715 
    0.00725575     0.580615 
    0.00725581     0.630176 
    0.00725588     0.683613 
    0.00725594     0.741153 
    0.00725601     0.803017 
    0.00725607     0.869435 
    0.00725613     0.940634 
     0.0072562      1.01684 
    0.00725625      1.08668 
    0.00725632      1.17781 
    0.00725639      1.27525 
    0.00725646      1.37926 
    0.00725652      1.49009 
    0.00725659      1.60795 
    0.00725666      1.73306 
    0.00725673      1.86561 
    0.00725682      2.06215 
    0.00725691      2.26484 
      0.007257      2.48163 
    0.00725709      2.71269 
    0.00725718      2.95805 
    0.00725729      3.28434 
     0.0072574      3.60804 
     0.0072575      3.94997 
    0.00725761      4.30918 
    0.00725774      4.79863 
    0.00725791      5.43181 
    0.00725814      6.36575 
     0.0072586      8.21093 
    0.00725875      8.81508 
    0.00725894      9.49776 
    0.00725912      10.0823 
    0.00725925      10.4689 
     0.0072594       10.844 
    0.00725956      11.1561 
     0.0072597      11.3597 
    0.00725985      11.4902 
       0.00726      11.5325 
    0.00726014      11.4948 
    0.00726029       11.365 
    0.00726043      11.1638 
    0.00726059      10.8523 
    0.00726069      10.6188 
    0.00726085      10.1747 
    0.00726103      9.60276 
     0.0072612      9.00462 
    0.00726143      8.07691 
    0.00726199      5.80943 
     0.0072622      5.01013 
    0.00726233      4.53265 
    0.00726247      4.03984 
    0.00726261      3.59236 
    0.00726272      3.25657 
    0.00726283      2.94129 
    0.00726291      2.70229 
      0.007263      2.46934 
     0.0072631      2.25097 
    0.00726319      2.04702 
    0.00726328      1.85721 
    0.00726334      1.73835 
    0.00726341      1.60498 
    0.00726348      1.47983 
    0.00726355      1.36265 
    0.00726363      1.25317 
     0.0072637      1.15107 
    0.00726377      1.05607 
    0.00726384      0.96783 
    0.00726392     0.886044 
    0.00726398     0.817451 
    0.00726405     0.753614 
    0.00726411     0.694291 
    0.00726418     0.639247 
    0.00726424     0.588247 
    0.00726431     0.541061 
    0.00726437     0.497467 
    0.00726444     0.457245 
     0.0072645     0.420185 
    0.00726457     0.386082 
    0.00726463     0.353701 
    0.00726468     0.332352 
    0.00726473      0.31232 
    0.00726478     0.293537 
    0.00726483     0.275934 
    0.00726487     0.259448 
    0.00726492     0.244016 
    0.00726497     0.229579 
    0.00726502     0.216079 
    0.00726506     0.203461 
    0.00726511     0.191674 
    0.00726516     0.180668 
    0.00726521     0.170394 
    0.00726526     0.160809 
     0.0072653     0.151868 
    0.00726538     0.139577 
    0.00726544     0.130244 
     0.0072655     0.121702 
    0.00726556     0.113887 
    0.00726562     0.106737 
    0.00726568     0.100197 
    0.00726574    0.0942147 
     0.0072658    0.0887414 
    0.00726586     0.083733 
    0.00726592    0.0791484 
    0.00726598    0.0749501 
    0.00726604    0.0711033 
     0.0072661    0.0675763 
    0.00726616      0.06434 
    0.00726625    0.0599729 
    0.00726634    0.0561201 
    0.00726641      0.05348 
    0.00726648    0.0510715 
    0.00726658      0.04784 
    0.00726668    0.0450025 
    0.00726679    0.0424981 
    0.00726689    0.0402752 
    0.00726699    0.0382909 
     0.0072671    0.0365091 
    0.00726723     0.034397 
    0.00726737     0.032534 
    0.00726752    0.0307748 
    0.00726767    0.0291145 
    0.00726783    0.0276261 
    0.00726798    0.0262796 
    0.00726814     0.025052 
    0.00726837    0.0233958 
    0.00726861    0.0219228 
    0.00726878    0.0209132 
    0.00726898    0.0198748 
    0.00726927    0.0184677 
    0.00726957    0.0172141 
    0.00726986    0.0160905 
    0.00727015    0.0150783 
    0.00727047    0.0140971 
     0.0072708    0.0131827 
    0.00727112    0.0123572 
    0.00727145    0.0116091 
    0.00727178    0.0109287 
    0.00727213    0.0102709 
    0.00727252    0.0096051 
     0.0072729   0.00900334 
    0.00727329   0.00845749 
    0.00727368   0.00796071 
    0.00727407   0.00750719 
    0.00727454   0.00701145 
    0.00727501   0.00656395 
    0.00727547   0.00615854 
    0.00727594   0.00579005 
    0.00727641   0.00545406 
    0.00727691   0.00512652 
    0.00727743   0.00481871 
    0.00727794   0.00453809 
    0.00727846   0.00428153 
    0.00727898   0.00404634 
    0.00727954   0.00381264 
    0.00728019   0.00356696 
    0.00728083   0.00334447 
    0.00728148   0.00314231 
    0.00728213   0.00295808 
    0.00728278   0.00278971 
    0.00728352     0.002614 
    0.00728427    0.0024545 
    0.00728501   0.00230927 
    0.00728575   0.00217663 
    0.00728649   0.00205516 
     0.0072873   0.00193461 
    0.00728814    0.0018203 
    0.00728897   0.00171589 
    0.00728981   0.00162027 
    0.00729065   0.00153248 
    0.00729156   0.00144492 
    0.00729262   0.00135242 
    0.00729367   0.00126858 
    0.00729473   0.00119234 
    0.00729579    0.0011228 
    0.00729684   0.00105921 
    0.00729802  0.000994645 
     0.0072992  0.000935847 
    0.00730037  0.000882151 
    0.00730155   0.00083298 
    0.00730272  0.000787832 
    0.00730405  0.000741309 
    0.00730544  0.000696558 
    0.00730684  0.000655767 
    0.00730824  0.000618484 
    0.00730963  0.000584316 
    0.00731113  0.000550886 
    0.00731281  0.000516558 
    0.00731449  0.000485369 
    0.00731617  0.000456941 
    0.00731785  0.000430958 
    0.00731954   0.00040715 
    0.00732139  0.000383112 
    0.00732325  0.000361163 
    0.00732511  0.000341068 
    0.00732696  0.000322628 
    0.00732944  0.000300311 
    0.00733177  0.000281378 
     0.0073341    0.0002642 
    0.00733643  0.000248569 
    0.00733876  0.000234305 
    0.00734109  0.000221253 
    0.00734344  0.000209153 
    0.00734502  0.000201599 
    0.00734818  0.000187694 
    0.00735134  0.000175205 
     0.0073545  0.000163941 
    0.00735771  0.000153592 
    0.00736092  0.000144214 
    0.00736413  0.000135687 
    0.00736734  0.000127913 
     0.0073705  0.000120911 
    0.00737366  0.000114486 
    0.00737681  0.000108575 
    0.00737997  0.000103119 
    0.00738464    9.5809e-5 
     0.0073893   8.92725e-5 
    0.00739397    8.3404e-5 
    0.00739863   7.81151e-5 
    0.00740329   7.33317e-5 
    0.00740804   6.89172e-5 
    0.00741284   6.48683e-5 
    0.00741763   6.11799e-5 
    0.00742265   5.76588e-5 
    0.00742767    5.4447e-5 
     0.0074327    5.1509e-5 
    0.00743772   4.88144e-5 
    0.00744441   4.55551e-5 
    0.00745055   4.28634e-5 
    0.00745668   4.04159e-5 
     0.0074636   3.79144e-5 
    0.00747051   3.56524e-5 
    0.00747743   3.35999e-5 
    0.00748434   3.17316e-5 
    0.00749126   3.00258e-5 
    0.00749817    2.8464e-5 
     0.0075061   2.68324e-5 
    0.00751402   2.53473e-5 
    0.00752407   2.36488e-5 
    0.00753411   2.21299e-5 
    0.00754416   2.07654e-5 
    0.00755421   1.95349e-5 
    0.00756426   1.84213e-5 
    0.00757496   1.73475e-5 
    0.00758663   1.62911e-5 
    0.00759961   1.52373e-5 
    0.00761258   1.42941e-5 
    0.00762556    1.3446e-5 
    0.00763853   1.26799e-5 
    0.00765151   1.19856e-5 
    0.00766881   1.11572e-5 
    0.00768371   1.05189e-5 
    0.00769861    9.9415e-6 
    0.00771351   9.41715e-6 
    0.00772841   8.93924e-6 
    0.00774331   8.50225e-6 
     0.0077582   8.10181e-6 
     0.0077731   7.73347e-6 
      0.007788    7.3932e-6 
    0.00780725   6.99134e-6 
    0.00782649   6.62692e-6 
    0.00784573   6.29507e-6 
    0.00786498   5.99183e-6 
    0.00788422   5.71402e-6 
    0.00790347   5.45856e-6 
    0.00792271    5.2228e-6 
    0.00794817   4.93818e-6 
    0.00797923    4.6263e-6 
     0.0080103   4.34913e-6 
    0.00804137   4.10032e-6 
    0.00806622   3.91956e-6 
    0.00809107   3.75276e-6 
    0.00812835   3.52672e-6 
    0.00816485   3.32688e-6 
    0.00820498   3.13052e-6 
    0.00823707   2.98844e-6 
    0.00826917   2.85774e-6 
    0.00830127   2.73723e-6 
    0.00834942   2.57393e-6 
    0.00839756   2.42634e-6 
    0.00843902    2.3119e-6 
    0.00848047    2.2071e-6 
    0.00852193   2.11073e-6 
    0.00856339   2.02189e-6 
    0.00862557   1.90155e-6 
    0.00868776   1.79276e-6 
    0.00875599   1.68651e-6 
    0.00883632   1.57561e-6 
    0.00888988    1.5089e-6 
    0.00894343   1.44724e-6 
    0.00902377    1.3635e-6 
     0.0091041   1.28756e-6 
    0.00915766   1.24139e-6 
    0.00922681   1.18614e-6 
    0.00929596   1.13527e-6 
    0.00936512   1.08829e-6 
    0.00946885   1.02455e-6 
    0.00957258   9.66766e-7 
    0.00967631   9.15236e-7 
    0.00978316   8.66751e-7 
    0.00989158   8.22577e-7 
    0.00996386   7.95228e-7 
          0.01   7.82262e-7 
          0.01    0.0451276 
     0.0101411    0.0446951 
     0.0102842    0.0442564 
     0.0103125    0.0441695 
      0.010458    0.0437459 
     0.0106055    0.0433163 
      0.010625    0.0432596 
     0.0107749    0.0428545 
     0.0109269    0.0424438 
     0.0110811    0.0420272 
     0.0112374    0.0416048 
       0.01125    0.0415708 
     0.0114087    0.0411814 
     0.0115697    0.0407866 
     0.0117329    0.0403861 
      0.011875    0.0400375 
     0.0120425     0.039663 
     0.0122124    0.0392831 
     0.0123847    0.0388979 
        0.0125    0.0386402 
     0.0126764    0.0382797 
     0.0128552     0.037914 
     0.0130366    0.0375432 
      0.013125    0.0373624 
     0.0133102     0.037015 
      0.013498    0.0366628 
     0.0136884    0.0363056 
       0.01375      0.03619 
      0.013944    0.0358553 
     0.0141407    0.0355157 
     0.0143402    0.0351714 
      0.014375    0.0351114 
     0.0145778    0.0347885 
     0.0147835    0.0344611 
      0.014992     0.034129 
         0.015    0.0341163 
     0.0152116     0.033811 
     0.0154262    0.0335013 
      0.015625    0.0332145 
     0.0158454    0.0329196 
      0.016069    0.0326204 
       0.01625    0.0323782 
     0.0164793    0.0320932 
     0.0167117    0.0318041 
      0.016875    0.0316011 
     0.0171131    0.0313254 
     0.0173545    0.0310458 
        0.0175    0.0308774 
     0.0177469    0.0306107 
     0.0179973    0.0303402 
      0.018125    0.0302022 
     0.0183807     0.029944 
       0.01864    0.0296822 
       0.01875    0.0295712 
     0.0190145    0.0293211 
     0.0192828    0.0290675 
      0.019375    0.0289804 
     0.0196483    0.0287381 
     0.0199255    0.0284923 
          0.02    0.0284263 
     0.0202822    0.0281914 
     0.0205683    0.0279532 
      0.020625     0.027906 
      0.020916    0.0276781 
     0.0212111     0.027447 
       0.02125    0.0274165 
     0.0215498    0.0272016 
     0.0218538    0.0269837 
     0.0221621    0.0267627 
     0.0224748    0.0265386 
        0.0225    0.0265205 
     0.0228174    0.0263175 
     0.0231393    0.0261116 
     0.0234658    0.0259028 
       0.02375    0.0257211 
     0.0240851    0.0255289 
     0.0244249     0.025334 
     0.0247695    0.0251363 
         0.025     0.025004 
     0.0253527    0.0248247 
     0.0257104    0.0246429 
     0.0260731    0.0244585 
       0.02625    0.0243686 
     0.0266203     0.024198 
     0.0269959     0.024025 
     0.0273768    0.0238496 
        0.0275    0.0237929 
      0.027888    0.0236303 
     0.0282814    0.0234654 
     0.0286804    0.0232981 
       0.02875     0.023269 
     0.0291556    0.0231135 
     0.0295669    0.0229559 
     0.0299841    0.0227961 
          0.03      0.02279 
     0.0304232    0.0226378 
     0.0308525    0.0224835 
       0.03125    0.0223405 
     0.0316909    0.0221944 
      0.032138    0.0220462 
        0.0325    0.0219261 
     0.0329585    0.0217855 
     0.0334235    0.0216428 
       0.03375    0.0215426 
     0.0342262    0.0214069 
      0.034709    0.0212692 
         0.035    0.0211862 
     0.0354938    0.0210549 
     0.0359945    0.0209218 
       0.03625    0.0208538 
     0.0367614    0.0207265 
     0.0372801    0.0205974 
        0.0375    0.0205426 
     0.0380291    0.0204224 
     0.0385656    0.0203005 
     0.0391097    0.0201769 
     0.0396614    0.0200516 
          0.04    0.0199747 
     0.0405643    0.0198655 
     0.0411366    0.0197549 
      0.041717    0.0196426 
     0.0423055    0.0195288 
        0.0425    0.0194912 
     0.0430996    0.0193863 
     0.0437077    0.0192798 
     0.0443243    0.0191718 
     0.0449496    0.0190624 
         0.045    0.0190535 
     0.0456349    0.0189518 
     0.0462787    0.0188487 
     0.0469316    0.0187441 
        0.0475     0.018653 
     0.0481701    0.0185538 
     0.0488497    0.0184532 
     0.0495389    0.0183512 
          0.05     0.018283 
     0.0507054    0.0181868 
     0.0514208    0.0180893 
     0.0521462    0.0179904 
        0.0525    0.0179422 
     0.0532407    0.0178474 
     0.0539918    0.0177513 
     0.0547535    0.0176539 
         0.055    0.0176223 
     0.0557759    0.0175309 
     0.0565628    0.0174383 
     0.0573608    0.0173443 
     0.0581701     0.017249 
     0.0589908    0.0171524 
      0.059823    0.0170543 
          0.06    0.0170335 
     0.0608465    0.0169746 
     0.0617049    0.0169148 
     0.0625755    0.0168542 
     0.0634583    0.0167927 
     0.0643536    0.0167304 
         0.065    0.0166854 
      0.065917    0.0166254 
      0.066847    0.0165646 
     0.0677901    0.0165029 
     0.0687465    0.0164403 
     0.0697164    0.0163769 
          0.07    0.0163584 
     0.0709876    0.0162811 
     0.0719891    0.0162027 
     0.0730047    0.0161232 
     0.0740347    0.0160426 
         0.075    0.0159671 
     0.0760581    0.0158888 
     0.0771312    0.0158094 
     0.0782193    0.0157289 
     0.0793229    0.0156472 
          0.08    0.0155971 
     0.0811287     0.015525 
     0.0822732    0.0154519 
      0.083434    0.0153777 
     0.0846111    0.0153025 
     0.0858048    0.0152263 
     0.0870153    0.0151489 
      0.088243    0.0150705 
     0.0894879     0.014991 
          0.09    0.0149583 
           0.1    0.0143707 
           0.1    0.0145786 
          0.12    0.0138834 
          0.15    0.0153512 
           0.2    0.0136851 
           0.3    0.0122801 
           0.4     0.012124 
           0.5      0.01248 
      0.604232    0.0132576 
      0.704906    0.0143306 
      0.811287    0.0157245 
       0.85338    0.0163263 
           0.9    0.0125755 
             1    0.0107771 
           1.1   0.00981176 
          1.25   0.00953663 
           1.5   0.00998621 
         1.626    0.0103979 
        1.7442   0.00941907 
        1.9341   0.00730674 
        1.9803   0.00695836 
       2.16789   0.00655121 
        2.2891   0.00633099 
        2.3195   0.00624519 
        2.4266   0.00586543 
       2.58481   0.00563539 
       2.69276   0.00546238 
       2.81351   0.00530878 
         2.889   0.00522981 
       3.12892   0.00514876 
        3.2258    0.0051318 
        3.2802    0.0051418 
        3.3858   0.00511989 
           3.5   0.00499988 
             4   0.00378771 
           4.5   0.00280591 
             5   0.00201941 
           5.5   0.00142601 
             6    0.0010817 
           6.5  0.000844513 
             7  0.000692482 
        7.3558  0.000625231 
           7.5  0.000606031 
             8  0.000561932 
           8.5  0.000563211 
       8.66187  0.000569757 
       8.81172  0.000577747 
             9   0.00058933 
       9.42411  0.000621709 
            10   0.00066907 
       10.1411  0.000679727 
       10.2842  0.000690535 
       10.4292  0.000701495 
          10.5   0.00070684 
       10.6481  0.000716741 
         10.75   0.00072355 
       10.9017  0.000732619 
            11    0.0007385 
       11.1552   0.00074584 
       11.3126  0.000753285 
       11.4722  0.000760834 
          11.5   0.00076215 
       11.6622  0.000766774 
       11.8268  0.000771463 
       11.9936  0.000776219 
            12    0.0007764 
       12.1693  0.000778239 
        12.341  0.000780103 
          12.5   0.00078183 
       12.6764  0.000781692 
       12.8552  0.000781553 
            13   0.00078144 
       13.1834  0.000780281 
       13.3694  0.000779105 
          13.5   0.00077828 
       13.6905  0.000776307 
       13.8836  0.000774306 
            14    0.0007731 
       14.1975  0.000769383 
       14.3978  0.000765614 
          14.6   0.00076181 
        14.806  0.000755259 
       15.0149  0.000748616 
        15.088   0.00074629 
       15.3009  0.000737217 
          15.5   0.00072873 
       15.7187  0.000717855 
       15.9404  0.000706827 
       16.1653  0.000695643 
       16.3934  0.000684302 
          16.5     0.000679 
       16.7328  0.000668753 
       16.9689  0.000658361 
            17   0.00065699 
       17.2398  0.000648845 
       17.4831  0.000640585 
          17.5   0.00064001 
       17.7469  0.000634317 
       17.9973  0.000628543 
            18   0.00062848 
       18.2539  0.000624854 
          18.5   0.00062134 
        18.761  0.000618623 
       19.0257  0.000615868 
       19.2941  0.000613073 
          19.5   0.00061093 
       19.7751  0.000606121 
            20   0.00060219 
//
#-------------------------------------------------------------------------------
