#ZVView-data-copy:  10-Jul-2025 09:26:47
#=======================================
#
#name:   ENDF/B-VIII.1: XE-132(N,G)XE-133
#X.axis: Incident Energy
#Y.axis: Cross Section
#wdata:  2
#ldata:  2792
#data...
#            X            Y
#          MeV        barns
         1e-11      22.6657 
   1.10304e-11      21.5811 
   1.21669e-11      20.5484 
   1.34206e-11      19.5652 
   1.48034e-11       18.629 
   1.63287e-11      17.7376 
   1.80111e-11      16.8888 
   1.98669e-11      16.0807 
   2.19139e-11      15.3112 
   2.41719e-11      14.5785 
   2.66625e-11      13.8809 
   2.94097e-11      13.2167 
     3.244e-11      12.5843 
   3.57825e-11      11.9821 
   3.94694e-11      11.4088 
   4.35362e-11      10.8628 
   4.80221e-11       10.343 
   5.29701e-11      9.84812 
    5.8428e-11      9.37688 
   6.44483e-11      8.92819 
   7.10888e-11      8.50096 
   7.84136e-11      8.09418 
   8.64931e-11      7.70687 
   9.54051e-11      7.33809 
   1.05235e-10      6.98695 
   1.16078e-10      6.65262 
   1.28039e-10      6.33429 
   1.41231e-10      6.03119 
   1.55784e-10      5.74259 
   1.71835e-10       5.4678 
    1.8954e-10      5.20616 
    2.0907e-10      4.95704 
   2.30612e-10      4.71984 
   2.54374e-10      4.49399 
   2.80584e-10      4.27895 
   3.09494e-10       4.0742 
   3.41383e-10      3.87924 
   3.76558e-10      3.69361 
   4.15358e-10      3.51687 
   4.58155e-10      3.34858 
   5.05362e-10      3.18835 
   5.57433e-10      3.03578 
   6.14869e-10      2.89052 
   6.78223e-10       2.7522 
   7.48105e-10      2.62051 
   8.25188e-10      2.49511 
   9.10213e-10      2.37572 
      1.004e-9      2.26203 
    1.10745e-9      2.15379 
    1.22155e-9      2.05073 
    1.34742e-9       1.9526 
    1.48625e-9      1.85916 
    1.63939e-9       1.7702 
    1.80831e-9      1.68549 
    1.99463e-9      1.60484 
    2.20016e-9      1.52804 
    2.42685e-9      1.45492 
    2.67691e-9       1.3853 
    2.95273e-9      1.31901 
    3.25697e-9      1.25589 
    3.59256e-9      1.19579 
    3.96272e-9      1.13857 
    4.37103e-9      1.08408 
    4.82141e-9      1.03221 
    5.31819e-9     0.982818 
    5.86616e-9     0.935794 
    6.47059e-9     0.891024 
     7.1373e-9     0.848399 
    7.87271e-9     0.807816 
    8.68389e-9     0.769173 
    9.57865e-9     0.732374 
    1.05656e-8     0.697332 
    1.16543e-8     0.663962 
    1.28551e-8     0.632188 
    1.41796e-8     0.601931 
    1.56406e-8     0.573122 
    1.72522e-8      0.54569 
    1.90298e-8     0.519571 
    2.09906e-8       0.4947 
    2.31534e-8     0.471019 
    2.52419e-8     0.451104 
       2.53e-8     0.450586 
    2.79068e-8     0.429017 
    3.07823e-8     0.408481 
     3.3954e-8     0.388925 
    3.74525e-8     0.370305 
    4.13115e-8     0.352575 
    4.55681e-8     0.335692 
    5.02633e-8     0.319617 
    5.54423e-8     0.304311 
    6.11549e-8     0.289736 
    6.74561e-8     0.275859 
    7.44066e-8     0.262644 
    8.20732e-8     0.250061 
    9.05297e-8      0.23808 
    9.98577e-8     0.226671 
    1.10147e-7     0.215807 
    1.21496e-7     0.205462 
    1.34014e-7     0.195611 
    1.47823e-7     0.186231 
    1.63054e-7     0.177298 
    1.79855e-7     0.168792 
    1.98386e-7     0.160692 
    2.18827e-7     0.152978 
    2.41375e-7     0.145632 
    2.66245e-7     0.138637 
    2.93678e-7     0.131974 
    3.23938e-7      0.12563 
    3.57316e-7     0.119587 
    3.94132e-7     0.113832 
    4.34743e-7      0.10835 
    4.79537e-7      0.10313 
    5.28947e-7    0.0981569 
    5.83448e-7    0.0934204 
    6.43565e-7    0.0889085 
    7.09876e-7    0.0846106 
     7.8302e-7    0.0805162 
      8.637e-7    0.0766155 
    9.52693e-7    0.0728992 
    1.05086e-6    0.0693584 
    1.15913e-6    0.0659846 
    1.27857e-6    0.0627697 
     1.4103e-6    0.0597059 
    1.55562e-6     0.056786 
     1.7159e-6    0.0540029 
    1.89271e-6    0.0513498 
    2.08772e-6    0.0488205 
    2.30284e-6    0.0464088 
    2.54012e-6    0.0441091 
    2.80184e-6    0.0419159 
    3.09053e-6    0.0398242 
    3.40897e-6    0.0378289 
    3.76022e-6    0.0359256 
    4.14767e-6    0.0341098 
     4.5432e-6       0.0325 
    5.01132e-6    0.0308394 
    5.52767e-6    0.0292563 
    6.09723e-6    0.0277455 
    6.72547e-6    0.0263036 
    7.41844e-6    0.0249275 
    8.18281e-6     0.023614 
    8.96272e-6    0.0224471 
    9.81744e-6    0.0213292 
     1.0829e-5      0.02018 
    1.18611e-5    0.0191598 
    1.29922e-5     0.018184 
    1.42305e-5     0.017252 
    1.55876e-5    0.0163613 
    1.69545e-5    0.0155757 
    1.85705e-5    0.0147618 
     2.0199e-5     0.014044 
    2.19702e-5     0.013359 
    2.38968e-5    0.0127103 
    2.59924e-5    0.0120943 
    2.82717e-5    0.0115109 
     3.0537e-5    0.0110069 
    3.29822e-5    0.0105362 
    3.56249e-5    0.0100945 
    3.84775e-5   0.00969103 
    4.15605e-5   0.00932615 
    4.45761e-5   0.00903166 
    4.78105e-5   0.00878012 
    5.09205e-5   0.00859696 
    5.42353e-5   0.00846269 
    5.73614e-5   0.00839684 
    5.91447e-5   0.00838497 
    6.21186e-5   0.00841484 
     6.4785e-5   0.00849395 
    6.75659e-5   0.00863962 
    6.99725e-5   0.00882797 
    7.19608e-5   0.00902924 
    7.40056e-5   0.00929152 
    7.55791e-5    0.0095371 
    7.71823e-5   0.00983424 
    7.88233e-5    0.0101918 
    8.04953e-5    0.0106247 
     8.1631e-5    0.0109641 
    8.33666e-5    0.0115674 
    8.45427e-5    0.0120454 
    8.57355e-5    0.0125948 
    8.69451e-5    0.0132322 
    8.81717e-5    0.0139725 
    8.91025e-5    0.0146125 
     9.0042e-5    0.0153362 
    9.09947e-5    0.0161627 
    9.19564e-5    0.0171081 
    9.29272e-5    0.0181922 
    9.35804e-5    0.0190085 
    9.42382e-5    0.0199115 
    9.49006e-5    0.0209093 
    9.55677e-5    0.0220238 
    9.62395e-5     0.023271 
     9.6916e-5    0.0246751 
    9.75973e-5    0.0262505 
    9.81106e-5    0.0275704 
    9.86287e-5    0.0290314 
    9.91469e-5    0.0306388 
    9.96699e-5    0.0324304 
   0.000100195    0.0344257 
   0.000100721    0.0366482 
   0.000101254    0.0391695 
   0.000101787    0.0419932 
   0.000102142    0.0440751 
   0.000102502    0.0463743 
   0.000102862    0.0488819 
   0.000103223    0.0516239 
   0.000103583    0.0546303 
   0.000103948    0.0579843 
   0.000104314    0.0616897 
   0.000104679    0.0657976 
   0.000105044     0.070368 
   0.000105408    0.0754546 
   0.000105681    0.0796691 
   0.000105954    0.0842729 
   0.000106228    0.0893147 
   0.000106501    0.0948513 
   0.000106802     0.101626 
   0.000107028     0.107224 
   0.000107255     0.113324 
   0.000107481     0.119987 
   0.000107707     0.127285 
   0.000107908     0.134357 
   0.000108108     0.142061 
   0.000108309     0.150474 
    0.00010851     0.159688 
    0.00010871      0.16981 
   0.000108894     0.179974 
   0.000109069     0.190571 
   0.000109244     0.202164 
   0.000109419     0.214881 
   0.000109594     0.228873 
   0.000109711     0.238994 
   0.000109897     0.256607 
   0.000110037     0.271161 
   0.000110176     0.287023 
   0.000110316     0.304355 
   0.000110455     0.323342 
   0.000110592     0.343819 
   0.000110729     0.366348 
   0.000110866     0.391215 
   0.000111004     0.418756 
   0.000111141     0.449362 
   0.000111252     0.476862 
   0.000111351     0.503421 
    0.00011145     0.532303 
   0.000111549     0.563793 
   0.000111648     0.598215 
   0.000111714     0.622975 
   0.000111825     0.668708 
   0.000111909     0.706452 
   0.000111993     0.747536 
   0.000112077     0.792369 
   0.000112161     0.841427 
    0.00011224     0.892299 
    0.00011232     0.948003 
   0.000112399      1.00917 
   0.000112479      1.07656 
   0.000112558      1.15104 
   0.000112626      1.22169 
   0.000112689      1.29267 
   0.000112752      1.37013 
   0.000112815      1.45489 
   0.000112878      1.54791 
   0.000112939      1.64629 
   0.000112995      1.74568 
    0.00011305      1.85454 
   0.000113106      1.97414 
   0.000113162      2.10595 
   0.000113218      2.25174 
   0.000113267      2.39202 
   0.000113315      2.54618 
   0.000113364      2.71617 
   0.000113413      2.90429 
   0.000113462      3.11329 
   0.000113504      3.31338 
   0.000113543      3.51604 
   0.000113581      3.73863 
    0.00011362      3.98397 
   0.000113659      4.25544 
   0.000113697      4.54714 
   0.000113732      4.84954 
   0.000113767      5.18513 
   0.000113802      5.55945 
   0.000113837      5.97942 
   0.000113861      6.28901 
   0.000113892      6.74396 
   0.000113921      7.22234 
    0.00011395      7.76176 
    0.00011397      8.16168 
   0.000113989      8.59948 
   0.000114009      9.08116 
   0.000114028      9.61402 
   0.000114047        10.19 
   0.000114066      10.8328 
   0.000114085      11.5549 
   0.000114104      12.3711 
   0.000114117      12.9764 
   0.000114129      13.6378 
   0.000114144      14.5114 
   0.000114159      15.4894 
   0.000114171      16.3011 
   0.000114182      17.1885 
   0.000114194      18.2281 
   0.000114208       19.527 
   0.000114221      20.9806 
   0.000114233      22.4195 
   0.000114245      23.9091 
   0.000114256      25.5498 
   0.000114268      27.4207 
   0.000114279      29.4893 
   0.000114289      31.2966 
   0.000114297      33.1313 
   0.000114309      35.7116 
   0.000114317      37.8895 
   0.000114327      40.3927 
   0.000114338      43.7024 
   0.000114349      47.3391 
   0.000114361      51.3307 
   0.000114372      55.7062 
   0.000114383      60.4958 
   0.000114395      65.7306 
   0.000114403      70.1322 
   0.000114412      74.8377 
   0.000114421      79.8625 
    0.00011443      85.2216 
   0.000114441      92.2038 
   0.000114451      99.7284 
   0.000114462      107.821 
   0.000114473      116.507 
   0.000114483       125.81 
   0.000114494      135.749 
   0.000114505      146.345 
   0.000114515      157.614 
   0.000114526      169.568 
   0.000114542      188.804 
   0.000114558      209.616 
   0.000114574      231.995 
    0.00011459      255.904 
   0.000114606      281.275 
   0.000114628      317.204 
   0.000114649      355.031 
    0.00011468      413.772 
   0.000114745      538.516 
   0.000114771      585.161 
   0.000114795      626.156 
   0.000114817      659.055 
   0.000114834      681.785 
   0.000114851      701.406 
   0.000114868      717.589 
   0.000114886      730.059 
   0.000114904      739.232 
    0.00011492      743.064 
    0.00011493       743.75 
   0.000114948      741.223 
   0.000114965      734.811 
   0.000114982      724.278 
   0.000114999       709.92 
   0.000115016      691.987 
    0.00011504      662.056 
   0.000115059      633.617 
   0.000115085      591.222 
    0.00011511      545.039 
   0.000115162      447.128 
   0.000115201      371.754 
   0.000115228       323.66 
   0.000115249      288.297 
   0.000115268      257.638 
   0.000115283      236.007 
   0.000115297      215.603 
   0.000115312      196.458 
   0.000115327      177.946 
   0.000115337      165.558 
   0.000115348       153.86 
   0.000115359      142.839 
   0.000115369      132.483 
    0.00011538      122.774 
   0.000115391      113.693 
   0.000115401      105.217 
   0.000115413      96.6375 
   0.000115422       90.156 
   0.000115432      84.0919 
   0.000115441      78.4266 
   0.000115451      73.1414 
    0.00011546      68.2175 
    0.00011547      63.6361 
   0.000115479      59.3785 
   0.000115489      55.4263 
   0.000115498      51.7616 
   0.000115508      48.3668 
   0.000115519      44.7647 
   0.000115529      41.4736 
    0.00011554      38.4696 
   0.000115551      35.7296 
   0.000115562      33.2322 
   0.000115573      30.9567 
   0.000115584      28.8843 
   0.000115595       26.997 
   0.000115606      25.2782 
   0.000115617      23.7125 
   0.000115628       22.243 
    0.00011564      20.8297 
   0.000115652       19.551 
   0.000115664      18.3928 
   0.000115676      17.3423 
   0.000115688       16.388 
     0.0001157      15.5195 
   0.000115712      14.7276 
   0.000115728      13.7767 
   0.000115744      12.9302 
    0.00011576      12.1385 
   0.000115778      11.4001 
   0.000115795      10.7403 
   0.000115813      10.1476 
    0.00011583      9.61235 
   0.000115848       9.1265 
   0.000115865      8.68338 
   0.000115883       8.2774 
   0.000115902      7.87041 
   0.000115922      7.46664 
   0.000115943      7.09731 
   0.000115974      6.59849 
   0.000116006       6.1556 
   0.000116037      5.75956 
    0.00011607      5.38034 
   0.000116107      4.99874 
   0.000116145      4.65843 
   0.000116182      4.35327 
    0.00011622      4.07835 
   0.000116257       3.8296 
   0.000116299      3.58138 
    0.00011634      3.35725 
   0.000116382      3.15407 
   0.000116423      2.96924 
   0.000116464      2.80057 
   0.000116513      2.62123 
   0.000116565      2.44773 
   0.000116617      2.29119 
   0.000116669      2.14945 
   0.000116721      2.02066 
   0.000116775      1.89783 
   0.000116835      1.77615 
   0.000116894      1.66595 
   0.000116954      1.56581 
   0.000117013      1.47452 
   0.000117073      1.39107 
    0.00011714      1.30529 
   0.000117207      1.22728 
   0.000117274      1.15611 
   0.000117341        1.091 
   0.000117408      1.03128 
   0.000117487     0.967214 
   0.000117572      0.90485 
   0.000117656     0.848363 
   0.000117741     0.797033 
   0.000117826     0.750248 
   0.000117914     0.705953 
   0.000118008     0.662698 
   0.000118102     0.623321 
   0.000118196     0.587369 
   0.000118291     0.554456 
   0.000118385     0.524245 
   0.000118497      0.49148 
   0.000118609     0.461706 
    0.00011872     0.434569 
   0.000118832     0.409767 
   0.000118944      0.38704 
   0.000119071     0.363456 
   0.000119206      0.34075 
   0.000119341     0.320118 
   0.000119476     0.301313 
    0.00011961     0.284126 
    0.00011975     0.267855 
   0.000119899     0.251998 
   0.000120047     0.237518 
   0.000120196     0.224261 
   0.000120295     0.216036 
   0.000120494     0.200899 
    0.00012068      0.18807 
   0.000120867      0.17644 
   0.000121054     0.165867 
    0.00012124     0.156225 
   0.000121427      0.14741 
   0.000121632      0.13858 
   0.000121846      0.13019 
    0.00012206     0.122552 
   0.000122274     0.115576 
   0.000122488     0.109187 
   0.000122711     0.103083 
   0.000122952    0.0970517 
   0.000123193    0.0915443 
   0.000123434    0.0865023 
   0.000123595    0.0833742 
   0.000123917    0.0776189 
   0.000124221    0.0727176 
   0.000124525    0.0682772 
    0.00012483    0.0642423 
   0.000125134    0.0605656 
   0.000125438    0.0572062 
   0.000125761    0.0539501 
   0.000126093    0.0508936 
   0.000126425    0.0481009 
   0.000126758    0.0455462 
    0.00012709    0.0431968 
   0.000127532    0.0403439 
   0.000127974    0.0377848 
   0.000128416    0.0354806 
   0.000128858    0.0333927 
   0.000129281    0.0315744 
   0.000129683    0.0299861 
   0.000130286    0.0278336 
   0.000130896    0.0259039 
    0.00013152    0.0241501 
   0.000132143    0.0225847 
   0.000132766    0.0211816 
   0.000133389    0.0199193 
   0.000134013    0.0187793 
   0.000134623    0.0177677 
   0.000135233    0.0168462 
   0.000135864    0.0159777 
   0.000136535    0.0151362 
   0.000137206      0.01437 
   0.000137877    0.0136704 
   0.000138771    0.0128282 
   0.000139709    0.0120437 
   0.000140691    0.0113092 
   0.000141653    0.0106686 
   0.000142594    0.0101053 
   0.000143527   0.00960104 
   0.000144451   0.00914778 
   0.000145376   0.00873518 
   0.000146762   0.00818367 
   0.000147798   0.00781467 
   0.000149293   0.00734008 
   0.000150671     0.006954 
   0.000152014   0.00661831 
   0.000153537   0.00627983 
   0.000155158   0.00595981 
   0.000156794   0.00567321 
   0.000158283    0.0054386 
   0.000159899   0.00521041 
   0.000162155   0.00493035 
   0.000164443   0.00468329 
   0.000166763   0.00446394 
   0.000169115   0.00426961 
   0.000171501   0.00409574 
   0.000173921   0.00394044 
   0.000177537   0.00373954 
   0.000180523   0.00359817 
   0.000184506   0.00343585 
   0.000188074   0.00331168 
   0.000191933   0.00319703 
   0.000195792   0.00309729 
   0.000200937   0.00298556 
   0.000206082   0.00289296 
   0.000211937   0.00280659 
    0.00021796   0.00273443 
   0.000225734   0.00266134 
   0.000232655   0.00261243 
   0.000241583    0.0025681 
   0.000251347   0.00253814 
   0.000260812   0.00252517 
   0.000264077    0.0025241 
   0.000276308   0.00253487 
   0.000287546   0.00256249 
   0.000300217   0.00261308 
   0.000311298    0.0026745 
   0.000322642   0.00275407 
    0.00033415     0.002853 
   0.000346053   0.00297601 
   0.000355588   0.00309101 
   0.000366388   0.00324165 
   0.000377361   0.00341828 
   0.000386174   0.00358048 
   0.000394987   0.00376296 
     0.0004038   0.00396842 
   0.000411056   0.00415793 
   0.000418312   0.00436573 
   0.000425567   0.00459783 
   0.000432823    0.0048533 
   0.000440079   0.00514012 
   0.000446339   0.00541145 
   0.000452102   0.00568804 
   0.000457865    0.0059891 
   0.000463097   0.00628907 
    0.00046833   0.00661665 
   0.000473562   0.00697511 
   0.000478795   0.00736837 
   0.000484027   0.00780099 
    0.00048926   0.00827833 
   0.000494492   0.00880667 
   0.000499725   0.00939336 
   0.000503776    0.0098933 
   0.000507827    0.0104385 
   0.000511878    0.0110345 
   0.000515929    0.0116878 
    0.00051998    0.0124059 
   0.000524031    0.0131977 
   0.000528083    0.0140737 
   0.000532134    0.0150467 
   0.000536534    0.0162283 
   0.000540405    0.0173968 
    0.00054401    0.0186107 
   0.000547615    0.0199567 
   0.000550018    0.0209434 
   0.000553623    0.0225697 
   0.000556327    0.0239258 
    0.00055905     0.025424 
   0.000561782    0.0270792 
   0.000564514    0.0289079 
   0.000567246    0.0309356 
   0.000569978    0.0331921 
    0.00057271     0.035713 
   0.000575442    0.0385418 
    0.00057746    0.0408566 
   0.000579478    0.0433949 
   0.000581358    0.0459859 
   0.000583239    0.0488222 
    0.00058512    0.0519359 
      0.000587    0.0553644 
   0.000588881     0.059152 
   0.000590762    0.0633468 
   0.000592506    0.0676603 
    0.00059425    0.0724344 
   0.000595615     0.076543 
    0.00059698    0.0810178 
    0.00059839    0.0860729 
   0.000599891    0.0920017 
    0.00060112    0.0973283 
   0.000602439     0.103589 
   0.000603772     0.110558 
   0.000605194     0.118812 
   0.000606344     0.126186 
   0.000607366      0.13334 
   0.000608282     0.140291 
    0.00060955     0.150861 
   0.000610607     0.160619 
   0.000611664     0.171368 
   0.000612671     0.182654 
   0.000613678     0.195103 
   0.000614496     0.206189 
   0.000615314     0.218258 
   0.000616132     0.231428 
    0.00061695     0.245837 
   0.000617768     0.261647 
   0.000618706     0.281739 
   0.000619371     0.297442 
   0.000620036     0.314506 
   0.000620702     0.333085 
   0.000621335     0.352365 
   0.000621969     0.373381 
   0.000622602     0.396346 
   0.000623236     0.421511 
   0.000623869     0.449164 
   0.000624418     0.475394 
   0.000625094     0.510962 
   0.000625601     0.540346 
   0.000626108     0.572358 
   0.000626614     0.607317 
   0.000627097     0.643652 
   0.000627566     0.682303 
   0.000628036     0.724557 
   0.000628506     0.770873 
   0.000628976      0.82179 
   0.000629439     0.877073 
   0.000629888     0.936227 
   0.000630337      1.00159 
   0.000630786      1.07407 
   0.000631235      1.15472 
   0.000631684      1.24483 
   0.000631984       1.3109 
   0.000632283      1.38238 
   0.000632582      1.45988 
   0.000632882      1.54409 
   0.000633181      1.63581 
   0.000633481      1.73593 
    0.00063378      1.84551 
   0.000634079      1.96575 
   0.000634409      2.11208 
   0.000634656      2.23283 
   0.000634903      2.36425 
    0.00063515      2.50766 
   0.000635396      2.66452 
   0.000635684      2.86626 
   0.000635899      3.03293 
   0.000636115      3.21451 
   0.000636331      3.41284 
   0.000636546      3.63004 
   0.000636786       3.8965 
   0.000636965      4.11599 
   0.000637145      4.35446 
   0.000637324      4.61414 
   0.000637504      4.89758 
   0.000637684      5.20776 
   0.000637863      5.54809 
   0.000638043      5.92258 
   0.000638223      6.33586 
   0.000638402      6.79341 
   0.000638582      7.30167 
   0.000638761      7.86825 
   0.000638941      8.50222 
   0.000639061      8.96757 
   0.000639181      9.47135 
     0.0006393      10.0178 
    0.00063942      10.6116 
   0.000639573      11.4463 
   0.000639725      12.3801 
   0.000639827      13.0653 
   0.000639929      13.8066 
   0.000640031      14.6101 
   0.000640133      15.4824 
   0.000640234      16.4311 
   0.000640354      17.6562 
   0.000640474       19.014 
   0.000640564      20.1298 
   0.000640653      21.3383 
   0.000640743      22.6484 
   0.000640833      24.0697 
   0.000640923      25.6129 
   0.000641013      27.2889 
   0.000641103      29.1095 
   0.000641192      31.0866 
   0.000641282      33.2324 
   0.000641372      35.5587 
   0.000641462      38.0766 
   0.000641552      40.7954 
   0.000641641      43.7223 
   0.000641731      46.8613 
   0.000641851      51.3745 
   0.000641971      56.2451 
   0.000642091       61.432 
   0.000642282      70.2047 
   0.000642546      82.4158 
   0.000642677      88.0997 
   0.000642805      93.0213 
   0.000642901      96.1788 
   0.000642997      98.7727 
   0.000643093      100.721 
   0.000643189      101.959 
   0.000643266       102.41 
   0.000643299      102.453 
   0.000643392      102.082 
   0.000643469      101.235 
   0.000643546       99.918 
   0.000643649      97.4804 
   0.000643752      94.3485 
   0.000643875      89.8349 
   0.000644018      83.7979 
   0.000644234      73.8991 
   0.000644438       64.439 
   0.000644557         59.1 
   0.000644677       54.042 
   0.000644797      49.3215 
   0.000644917      44.9687 
   0.000645006      41.9516 
   0.000645096      39.1448 
   0.000645186      36.5425 
   0.000645276      34.1359 
   0.000645366      31.9148 
   0.000645455      29.8674 
   0.000645545      27.9819 
   0.000645635      26.2461 
   0.000645725      24.6481 
   0.000645815      23.1765 
   0.000645905      21.8207 
   0.000645994      20.5706 
   0.000646054      19.7913 
   0.000646174       18.351 
   0.000646294      17.0532 
   0.000646395      16.0495 
   0.000646497      15.1277 
   0.000646599      14.2796 
   0.000646701      13.4981 
   0.000646803      12.7767 
   0.000646904      12.1097 
   0.000647057      11.2001 
   0.000647168      10.6011 
   0.000647288      10.0046 
   0.000647407      9.45599 
   0.000647527       8.9503 
   0.000647647      8.48331 
   0.000647827      7.84729 
   0.000648006      7.27909 
   0.000648186      6.76955 
   0.000648365        6.311 
   0.000648545      5.89695 
   0.000648725       5.5219 
   0.000648904      5.18115 
   0.000649084      4.87069 
   0.000649264      4.58706 
   0.000649443      4.32729 
   0.000649623      4.08881 
   0.000649862       3.8001 
   0.000650055      3.58966 
   0.000650272      3.37169 
    0.00065049      3.17286 
   0.000650708        2.991 
   0.000650926      2.82422 
   0.000651144      2.67092 
   0.000651368       2.5255 
   0.000651593      2.39159 
   0.000651892      2.22895 
   0.000652191      2.08232 
   0.000652476      1.95598 
   0.000652745      1.84656 
   0.000653015      1.74599 
   0.000653284      1.65336 
   0.000653554      1.56786 
   0.000653958      1.45147 
   0.000654362      1.34752 
   0.000654646       1.2809 
   0.000654946      1.21594 
   0.000655395      1.12736 
   0.000655844      1.04808 
   0.000656293     0.976843 
   0.000656742     0.912603 
   0.000657256     0.846526 
   0.000657803     0.783834 
   0.000658349     0.727835 
   0.000658896     0.677587 
   0.000659442     0.632339 
    0.00066001     0.589918 
   0.000660622     0.548841 
   0.000661234     0.511891 
   0.000661845     0.478536 
   0.000662457     0.448324 
   0.000663068     0.420877 
   0.000663744     0.393375 
   0.000664419     0.368467 
   0.000665095     0.345841 
   0.000665771     0.325226 
   0.000666446     0.306392 
   0.000667174      0.28786 
   0.000667928     0.270371 
   0.000668683     0.254425 
   0.000669437     0.239845 
   0.000670191      0.22647 
   0.000671159     0.210872 
    0.00067209     0.197341 
    0.00067302     0.185065 
   0.000673951     0.173893 
   0.000674898     0.163524 
   0.000675861     0.153892 
   0.000676824     0.145083 
   0.000677788     0.137002 
   0.000678768     0.129452 
   0.000679764     0.122393 
   0.000680761     0.115892 
   0.000681757     0.109895 
   0.000682807     0.104079 
   0.000683909     0.098431 
   0.000685012    0.0932195 
   0.000686115    0.0884126 
   0.000687636    0.0823653 
   0.000689091    0.0771399 
   0.000690546    0.0723924 
   0.000692001    0.0680664 
   0.000693456    0.0641134 
   0.000694911    0.0604921 
   0.000696366    0.0571663 
   0.000697821    0.0541053 
   0.000699308    0.0512236 
   0.000701313    0.0476831 
   0.000703318    0.0444939 
   0.000705322     0.041611 
   0.000707327    0.0389967 
   0.000709331    0.0366186 
   0.000711336    0.0344493 
   0.000713341    0.0324652 
   0.000715314    0.0306749 
   0.000717256    0.0290503 
   0.000719198      0.02755 
   0.000722111    0.0255057 
   0.000725024    0.0236783 
   0.000727937    0.0220382 
    0.00073085    0.0205605 
   0.000733763    0.0192248 
   0.000737242    0.0177925 
   0.000739655    0.0168887 
   0.000742163    0.0160196 
   0.000745925    0.0148351 
   0.000749687    0.0137752 
   0.000753449    0.0128234 
   0.000757211    0.0119658 
   0.000761217    0.0111425 
   0.000763969    0.0106247 
   0.000768288   0.00988046 
   0.000772606   0.00921058 
   0.000776925   0.00860555 
   0.000781244   0.00805733 
   0.000785563   0.00755905 
   0.000789881   0.00710488 
     0.0007942   0.00668978 
   0.000799149   0.00625689 
   0.000804727   0.00581642 
   0.000810305   0.00542013 
   0.000815883   0.00506235 
    0.00082146   0.00473828 
   0.000827038   0.00444385 
   0.000832616   0.00417558 
   0.000838194   0.00393048 
   0.000844586   0.00367492 
   0.000851792     0.003415 
   0.000858998   0.00318127 
   0.000866204   0.00297036 
    0.00087341    0.0027794 
   0.000880616   0.00260599 
   0.000887822   0.00244806 
   0.000895028   0.00230385 
   0.000903283   0.00215357 
   0.000912588   0.00200086 
   0.000921892    0.0018636 
   0.000931197    0.0017398 
   0.000940502   0.00162779 
   0.000949806   0.00152611 
   0.000959111   0.00143357 
   0.000968415    0.0013491 
   0.000977798   0.00127118 
   0.000989625   0.00118225 
    0.00100145   0.00110208 
    0.00101091   0.00104373 
    0.00102184  0.000982088 
    0.00103277  0.000925333 
     0.0010437  0.000873705 
    0.00105463  0.000825974 
     0.0010692  0.000768396 
    0.00108084  0.000726791 
    0.00109636  0.000676259 
    0.00111188  0.000630895 
     0.0011274  0.000590034 
    0.00114292  0.000553116 
    0.00115844  0.000519667 
    0.00117396  0.000489278 
    0.00118948  0.000461603 
    0.00120656  0.000433937 
    0.00122417  0.000408103 
    0.00124178  0.000384693 
    0.00125939  0.000363433 
    0.00128065  0.000340322 
    0.00130314  0.000318496 
    0.00132562  0.000299055 
    0.00134811  0.000281707 
    0.00137358  0.000264298 
    0.00139344  0.000252119 
    0.00141991  0.000237728 
    0.00144638  0.000225153 
    0.00147228  0.000214435 
    0.00149759  0.000205335 
     0.0015229  0.000197502 
    0.00154822  0.000190864 
    0.00157345  0.000185389 
    0.00159862  0.000181049 
    0.00162587  0.000177619 
    0.00164788  0.000175889 
    0.00167356  0.000174981 
    0.00167723  0.000174959 
    0.00169924  0.000175523 
    0.00171391   0.00017654 
    0.00173427  0.000178943 
    0.00175131  0.000181853 
    0.00176835  0.000185861 
    0.00178539   0.00019094 
    0.00179675  0.000195109 
    0.00181379  0.000202665 
    0.00182839  0.000210624 
    0.00183991   0.00021807 
    0.00185143  0.000226601 
    0.00186296  0.000236589 
    0.00187448  0.000248058 
    0.00188216  0.000256769 
    0.00188984  0.000266419 
    0.00189665  0.000275862 
    0.00190346  0.000286241 
    0.00191367  0.000303785 
    0.00192048  0.000317036 
     0.0019273   0.00033171 
    0.00193411  0.000348001 
    0.00194092  0.000366143 
    0.00194828  0.000388228 
    0.00195421  0.000407962 
    0.00196014  0.000429933 
    0.00196607  0.000454369 
      0.001972  0.000481636 
    0.00197794  0.000512167 
    0.00198387  0.000546504 
    0.00198891  0.000579125 
    0.00199467   0.00062101 
    0.00199875  0.000654075 
    0.00200284  0.000690362 
    0.00200692    0.0007303 
      0.002011  0.000774391 
    0.00201509  0.000823228 
    0.00201871  0.000871072 
    0.00202233  0.000923747 
    0.00202549  0.000974249 
    0.00202865    0.0010295 
    0.00203182    0.0010901 
    0.00203498   0.00115677 
    0.00203814   0.00123035 
     0.0020413   0.00131183 
    0.00204386   0.00138444 
    0.00204642   0.00146369 
    0.00204905   0.00155278 
     0.0020518   0.00165586 
    0.00205456   0.00177024 
    0.00205731   0.00189763 
    0.00206006   0.00204009 
    0.00206282   0.00220008 
    0.00206541   0.00236914 
    0.00206714   0.00249348 
    0.00206886    0.0026283 
    0.00207056   0.00277175 
    0.00207221   0.00292439 
    0.00207387   0.00309046 
    0.00207553   0.00327158 
    0.00207717   0.00346772 
     0.0020788   0.00368045 
    0.00208043   0.00391388 
    0.00208205     0.004171 
    0.00208369   0.00445713 
    0.00208534   0.00477685 
      0.002087   0.00513305 
    0.00208823   0.00542758 
    0.00208947   0.00574871 
    0.00209097   0.00617892 
     0.0020921   0.00653465 
    0.00209323   0.00692269 
    0.00209436   0.00734695 
    0.00209548   0.00781207 
     0.0020965   0.00827125 
    0.00209752   0.00877272 
    0.00209853   0.00932181 
    0.00209955   0.00992464 
    0.00210057    0.0105885 
    0.00210146    0.0112255 
    0.00210228    0.0118702 
    0.00210311    0.0125726 
    0.00210393    0.0133399 
    0.00210475    0.0141803 
    0.00210554    0.0150599 
    0.00210626    0.0159295 
    0.00210697    0.0168771 
    0.00210768    0.0179126 
    0.00210839    0.0190473 
    0.00210911    0.0202945 
    0.00210975    0.0215193 
    0.00211038    0.0228593 
    0.00211102    0.0243294 
    0.00211166     0.025947 
     0.0021123    0.0277324 
    0.00211284    0.0293989 
    0.00211334    0.0310531 
    0.00211383    0.0328522 
    0.00211432    0.0348135 
    0.00211482    0.0369572 
     0.0021153    0.0392326 
    0.00211575    0.0415646 
     0.0021162    0.0441123 
    0.00211665    0.0469033 
     0.0021171    0.0499698 
    0.00211755    0.0533496 
    0.00211793    0.0565066 
    0.00211831    0.0599547 
     0.0021187    0.0637309 
    0.00211908    0.0678785 
    0.00211946    0.0724479 
     0.0021198    0.0768627 
    0.00212011     0.081352 
    0.00212042    0.0862504 
    0.00212074    0.0916096 
    0.00212105    0.0974898 
    0.00212136      0.10374 
    0.00212164     0.110134 
    0.00212192     0.117146 
     0.0021222     0.124858 
    0.00212249     0.133368 
    0.00212277     0.142792 
      0.002123       0.1512 
    0.00212323     0.160386 
    0.00212346      0.17045 
    0.00212369     0.181511 
    0.00212392     0.193707 
    0.00212413     0.205924 
    0.00212433     0.218662 
    0.00212452      0.23265 
    0.00212472     0.248062 
    0.00212492     0.265102 
    0.00212505     0.277488 
    0.00212525     0.298134 
    0.00212541     0.315225 
    0.00212556     0.333889 
    0.00212571     0.354334 
    0.00212586     0.376807 
    0.00212601     0.401361 
    0.00212616      0.42854 
    0.00212626     0.448321 
     0.0021264     0.480201 
    0.00212651     0.506581 
    0.00212664     0.540458 
    0.00212677     0.576797 
    0.00212686     0.607957 
    0.00212698     0.651513 
     0.0021271     0.696724 
     0.0021272     0.741858 
    0.00212728     0.782052 
    0.00212737      0.83518 
    0.00212745     0.881563 
    0.00212752     0.932695 
    0.00212759     0.983907 
    0.00212766      1.04028 
    0.00212773      1.10256 
    0.00212779      1.16257 
    0.00212787       1.2484 
    0.00212792      1.31176 
    0.00212797      1.38068 
    0.00212804      1.47812 
    0.00212809      1.55869 
    0.00212814      1.64641 
    0.00212819      1.74201 
    0.00212824      1.84628 
    0.00212828      1.95806 
    0.00212833      2.07994 
    0.00212838      2.21288 
    0.00212843      2.35791 
    0.00212848      2.51611 
    0.00212853      2.68867 
    0.00212858      2.87681 
    0.00212863      3.08186 
    0.00212867      3.30518 
    0.00212872      3.54822 
    0.00212877      3.81246 
    0.00212882      4.09943 
    0.00212887      4.41073 
    0.00212892      4.74795 
    0.00212897      5.11272 
    0.00212902      5.50665 
    0.00212906      5.93134 
    0.00212911      6.38836 
    0.00212916      6.87921 
    0.00212921      7.40533 
    0.00212926      7.96803 
    0.00212931      8.56851 
    0.00212937      9.42968 
    0.00212944      10.3617 
     0.0021295      11.3659 
    0.00212957      12.3982 
    0.00212963      13.4497 
    0.00212969      14.5611 
    0.00212978      16.3355 
    0.00212985      17.9759 
    0.00212996       20.286 
    0.00213009      23.3259 
     0.0021304      30.8124 
    0.00213052      33.4583 
    0.00213061      35.3651 
    0.00213071      37.3238 
    0.00213079      38.6046 
    0.00213087      39.6989 
    0.00213095      40.5869 
    0.00213103      41.3236 
     0.0021311      41.6617 
    0.00213119      41.8748 
     0.0021312      41.8787 
    0.00213127      41.7707 
    0.00213136      41.3513 
    0.00213145      40.6543 
    0.00213153      39.7527 
    0.00213161      38.6693 
    0.00213168      37.3984 
    0.00213179       35.451 
     0.0021319      33.0399 
    0.00213204      29.8146 
    0.00213238       21.833 
    0.00213248      19.4481 
    0.00213258      17.1867 
    0.00213266      15.5888 
    0.00213275      13.9459 
    0.00213281      12.7427 
    0.00213288      11.6155 
    0.00213295       10.565 
      0.002133       9.7651 
    0.00213307      8.89972 
    0.00213313      8.10064 
    0.00213319      7.36574 
    0.00213326      6.69242 
     0.0021333      6.27631 
    0.00213335      5.78422 
     0.0021334      5.37027 
    0.00213345      4.98652 
     0.0021335      4.63135 
    0.00213355      4.30314 
     0.0021336      4.00029 
    0.00213364       3.7212 
    0.00213369       3.4643 
    0.00213374      3.22808 
    0.00213379      3.01107 
    0.00213384      2.81184 
    0.00213389      2.62906 
    0.00213394      2.46144 
    0.00213399      2.30775 
    0.00213403      2.16687 
    0.00213408      2.03771 
    0.00213413      1.91927 
    0.00213418      1.81063 
    0.00213423      1.71092 
    0.00213428      1.61934 
    0.00213433      1.53516 
    0.00213438      1.44879 
    0.00213445      1.35395 
    0.00213451      1.26892 
    0.00213458      1.19249 
    0.00213465      1.12359 
    0.00213471      1.06128 
    0.00213478      1.00476 
    0.00213485      0.95331 
    0.00213493     0.891567 
    0.00213502     0.836544 
    0.00213511     0.786253 
    0.00213521     0.740145 
     0.0021353     0.698539 
    0.00213539     0.660802 
    0.00213548      0.62641 
    0.00213557     0.594933 
    0.00213567      0.56601 
     0.0021358     0.526772 
    0.00213595     0.489801 
     0.0021361     0.456847 
    0.00213625     0.427301 
    0.00213639     0.400678 
    0.00213654      0.37658 
    0.00213671      0.35146 
    0.00213689     0.327426 
    0.00213707     0.305855 
    0.00213725      0.28641 
    0.00213743     0.268812 
    0.00213762     0.252279 
    0.00213782     0.236265 
    0.00213802      0.22176 
    0.00213822     0.208578 
    0.00213842     0.196557 
    0.00213862     0.185565 
    0.00213887     0.173375 
    0.00213911     0.162364 
    0.00213935     0.152385 
     0.0021396     0.143309 
    0.00213984      0.13503 
    0.00214012     0.126615 
     0.0021404     0.118591 
    0.00214069     0.111314 
    0.00214098     0.104692 
    0.00214127    0.0986487 
    0.00214156    0.0929432 
    0.00214188    0.0874031 
     0.0021422    0.0823474 
    0.00214251    0.0777209 
    0.00214283    0.0734761 
    0.00214314    0.0695719 
    0.00214355    0.0649755 
    0.00214396    0.0608223 
    0.00214437    0.0570567 
    0.00214477    0.0536317 
    0.00214518    0.0505074 
    0.00214562    0.0474376 
    0.00214608    0.0445443 
    0.00214653    0.0419091 
    0.00214699    0.0395018 
    0.00214745    0.0372969 
    0.00214792    0.0351708 
    0.00214845    0.0330374 
    0.00214898     0.031093 
    0.00214951    0.0293158 
    0.00215003    0.0276873 
    0.00215056    0.0261914 
    0.00215121    0.0245085 
    0.00215186    0.0229832 
    0.00215251    0.0215963 
    0.00215316    0.0203316 
    0.00215381     0.019175 
    0.00215451    0.0180416 
    0.00215523    0.0169729 
    0.00215595    0.0159967 
    0.00215667    0.0151029 
    0.00215739    0.0142822 
    0.00215816    0.0134738 
    0.00215904    0.0126356 
    0.00215992    0.0118735 
     0.0021608    0.0111786 
    0.00216168    0.0105432 
    0.00216256   0.00996081 
    0.00216359   0.00933652 
    0.00216462   0.00876959 
    0.00216566   0.00825303 
    0.00216669   0.00778095 
    0.00216772   0.00734847 
    0.00216882   0.00692618 
    0.00216996   0.00652807 
    0.00217109   0.00616358 
    0.00217223   0.00582904 
    0.00217336   0.00552131 
    0.00217456    0.0052229 
    0.00217588    0.0049212 
     0.0021772    0.0046451 
    0.00217852   0.00439185 
    0.00218028   0.00408555 
     0.0021821   0.00380218 
    0.00218397   0.00354015 
    0.00218585   0.00330473 
    0.00218772   0.00309251 
    0.00218954   0.00290554 
    0.00219131   0.00274007 
    0.00219308   0.00258862 
    0.00219484   0.00244965 
    0.00219661   0.00232184 
    0.00219838   0.00220401 
    0.00220103   0.00204383 
     0.0022028   0.00194687 
    0.00220476    0.0018476 
    0.00220769   0.00171271 
    0.00221063   0.00159254 
    0.00221356   0.00148504 
     0.0022165   0.00138849 
    0.00221932   0.00130471 
     0.0022219    0.0012346 
    0.00222536   0.00115008 
    0.00222873   0.00107603 
     0.0022321   0.00100932 
    0.00223546  0.000948999 
    0.00223883  0.000894285 
     0.0022422  0.000844507 
    0.00224557  0.000799089 
    0.00224919   0.00075465 
     0.0022528   0.00071418 
    0.00225716  0.000669992 
    0.00226151  0.000630193 
    0.00226586  0.000594224 
    0.00227021  0.000561612 
    0.00227457  0.000531958 
    0.00227892  0.000504915 
    0.00228394  0.000476576 
    0.00228896   0.00045098 
    0.00229516  0.000422556 
    0.00229959  0.000404158 
    0.00230671  0.000377628 
    0.00231382  0.000354209 
    0.00232094  0.000333344 
    0.00232777  0.000315545 
    0.00233405   0.00030073 
    0.00234131  0.000285359 
    0.00234857   0.00027158 
    0.00235583  0.000259195 
    0.00236309  0.000248038 
    0.00237036  0.000237964 
    0.00238125  0.000224647 
    0.00238851  0.000216788 
    0.00239961  0.000206204 
    0.00241072  0.000196988 
    0.00241812  0.000191586 
    0.00242947  0.000184286 
    0.00244082  0.000178045 
    0.00245217  0.000172739 
    0.00246352  0.000168275 
    0.00247649  0.000164104 
    0.00248945  0.000160837 
    0.00250242  0.000158407 
    0.00251538  0.000156773 
    0.00252664  0.000155976 
    0.00253789  0.000155741 
    0.00254915  0.000156076 
    0.00256419  0.000157448 
    0.00257934  0.000159926 
    0.00259434  0.000163573 
    0.00260528  0.000167039 
    0.00261621  0.000171339 
    0.00262714  0.000176466 
    0.00263807  0.000182665 
      0.002649  0.000189956 
    0.00265814  0.000197131 
    0.00266729  0.000205433 
    0.00267643   0.00021505 
    0.00268557  0.000226235 
    0.00269415  0.000238439 
     0.0027007  0.000249121 
    0.00270726  0.000261129 
    0.00271381  0.000274796 
    0.00272037  0.000290317 
    0.00272473  0.000301932 
     0.0027291  0.000314688 
    0.00273418  0.000331189 
    0.00273925  0.000349769 
    0.00274433  0.000370872 
     0.0027494  0.000394861 
    0.00275292  0.000413562 
    0.00275644  0.000434323 
    0.00275879   0.00044941 
    0.00276272   0.00047722 
    0.00276665  0.000508693 
    0.00276959  0.000535172 
    0.00277254  0.000564606 
    0.00277559  0.000598649 
    0.00277886  0.000639839 
    0.00278103  0.000670393 
    0.00278321   0.00070376 
    0.00278524  0.000737808 
    0.00278726  0.000775175 
    0.00278929  0.000816229 
    0.00279132   0.00086149 
     0.0027932  0.000907829 
    0.00279508  0.000958806 
    0.00279696   0.00101514 
    0.00279884   0.00107779 
    0.00280076   0.00114915 
    0.00280268   0.00122929 
    0.00280412   0.00129607 
    0.00280556   0.00136941 
    0.00280652   0.00142238 
    0.00280804   0.00151389 
    0.00280956   0.00161599 
    0.00281108   0.00173038 
    0.00281222   0.00182548 
    0.00281327   0.00192154 
    0.00281462   0.00205732 
    0.00281563   0.00216999 
    0.00281664   0.00229326 
    0.00281765   0.00242858 
    0.00281858   0.00256436 
    0.00281946   0.00270584 
    0.00282035   0.00286053 
    0.00282123   0.00303012 
    0.00282211    0.0032166 
     0.0028227   0.00335145 
    0.00282364   0.00358594 
    0.00282457   0.00384797 
    0.00282528   0.00406524 
    0.00282598   0.00430278 
    0.00282666   0.00455464 
     0.0028273   0.00481203 
    0.00282794   0.00509321 
    0.00282857   0.00540122 
    0.00282921   0.00573964 
    0.00282985   0.00611265 
    0.00283038    0.0064523 
     0.0028309    0.0068225 
    0.00283143   0.00722703 
    0.00283196   0.00767029 
    0.00283249   0.00815741 
    0.00283297   0.00863528 
    0.00283341   0.00912597 
    0.00283386   0.00966136 
     0.0028343    0.0102471 
    0.00283475    0.0108898 
    0.00283518     0.011572 
    0.00283558    0.0122679 
    0.00283598    0.0130306 
    0.00283638     0.013869 
    0.00283678    0.0147935 
    0.00283718    0.0158167 
     0.0028375    0.0167067 
    0.00283781    0.0176763 
    0.00283813    0.0187354 
    0.00283845    0.0198954 
    0.00283877    0.0211698 
    0.00283906    0.0224638 
    0.00283934    0.0238232 
    0.00283962    0.0253136 
     0.0028399    0.0269527 
    0.00284018    0.0287612 
    0.00284045    0.0306747 
     0.0028407    0.0325956 
    0.00284094    0.0347087 
    0.00284119    0.0370415 
    0.00284144    0.0396262 
    0.00284168    0.0425017 
    0.00284188    0.0450319 
    0.00284207    0.0478047 
    0.00284227    0.0508532 
    0.00284246    0.0542171 
    0.00284266    0.0579438 
    0.00284284    0.0618171 
    0.00284302    0.0659658 
     0.0028432    0.0705773 
    0.00284338    0.0757314 
    0.00284355    0.0815304 
    0.00284367    0.0858194 
    0.00284382    0.0917253 
    0.00284396    0.0983762 
    0.00284406     0.103307 
    0.00284416     0.108713 
    0.00284426     0.114676 
    0.00284436     0.121305 
    0.00284446     0.128735 
    0.00284454     0.135737 
    0.00284462     0.143558 
     0.0028447     0.152358 
    0.00284477     0.159717 
    0.00284483     0.167834 
    0.00284489     0.176825 
    0.00284495     0.186824 
    0.00284501     0.197985 
    0.00284508     0.210488 
    0.00284514     0.224039 
    0.00284519     0.238131 
    0.00284525     0.253856 
     0.0028453     0.271437 
    0.00284536     0.291123 
    0.00284541     0.313194 
    0.00284547     0.337966 
    0.00284551      0.35615 
    0.00284554     0.375801 
    0.00284558     0.397041 
    0.00284562     0.419998 
    0.00284566      0.44481 
    0.00284569     0.471626 
    0.00284574     0.509503 
    0.00284578     0.547831 
    0.00284583     0.589819 
    0.00284587     0.635789 
    0.00284592     0.686087 
    0.00284596     0.741077 
    0.00284601     0.801146 
    0.00284605     0.866703 
    0.00284609     0.938177 
    0.00284614      1.01602 
    0.00284618      1.10069 
    0.00284622      1.18192 
    0.00284626      1.26926 
     0.0028463      1.36308 
    0.00284634      1.46376 
    0.00284638      1.57167 
    0.00284642      1.68719 
    0.00284646      1.81073 
    0.00284649      1.94268 
    0.00284655      2.13238 
     0.0028466      2.33867 
    0.00284664      2.53298 
    0.00284669      2.74124 
    0.00284674      2.96404 
    0.00284678      3.20194 
    0.00284683      3.45548 
    0.00284687      3.72515 
    0.00284692      4.01141 
    0.00284696      4.31464 
    0.00284701      4.65759 
    0.00284706      5.02062 
    0.00284713      5.60328 
    0.00284721       6.2319 
    0.00284728      6.90616 
    0.00284735      7.62503 
    0.00284744      8.51267 
    0.00284752      9.45372 
    0.00284761      10.4845 
    0.00284775      12.2064 
    0.00284812      16.8635 
    0.00284824      18.3759 
    0.00284834      19.5522 
    0.00284843       20.415 
    0.00284851      21.1497 
    0.00284859      21.8017 
    0.00284867      22.3537 
    0.00284876      22.8534 
    0.00284886      23.2211 
    0.00284895      23.3842 
      0.002849      23.4125 
    0.00284908      23.3423 
    0.00284917       23.141 
    0.00284925      22.8121 
    0.00284934      22.2853 
    0.00284942      21.7193 
     0.0028495      21.0546 
    0.00284958      20.3015 
    0.00284969      19.2202 
    0.00284981      17.7138 
    0.00284997      15.8462 
    0.00285025      12.2089 
    0.00285039      10.5334 
    0.00285049      9.34192 
    0.00285056      8.55511 
    0.00285063      7.80565 
     0.0028507      7.09613 
    0.00285077      6.42839 
    0.00285085      5.76727 
     0.0028509      5.30344 
    0.00285096      4.86703 
    0.00285102      4.45781 
    0.00285107      4.07532 
    0.00285112      3.78052 
    0.00285116      3.50297 
    0.00285121      3.24222 
    0.00285126      2.99774 
     0.0028513      2.76897 
    0.00285135      2.55534 
     0.0028514      2.35622 
    0.00285144      2.17098 
    0.00285149       1.9811 
    0.00285155      1.80656 
    0.00285158      1.68519 
    0.00285162      1.57158 
    0.00285166      1.46534 
     0.0028517      1.36612 
    0.00285174      1.27353 
    0.00285178      1.18724 
    0.00285182      1.10689 
    0.00285185      1.03215 
     0.0028519     0.948063 
    0.00285195     0.871267 
      0.002852     0.801217 
    0.00285204     0.737394 
    0.00285209     0.679305 
    0.00285214     0.626486 
    0.00285218     0.578498 
    0.00285223     0.534933 
    0.00285228     0.495406 
    0.00285232     0.459562 
    0.00285237     0.425271 
    0.00285241     0.402094 
    0.00285245     0.380636 
    0.00285248     0.360769 
    0.00285252     0.342375 
    0.00285258     0.317299 
    0.00285263     0.294936 
    0.00285269     0.274975 
    0.00285274     0.257137 
     0.0028528     0.241171 
    0.00285285     0.226858 
    0.00285291     0.213999 
    0.00285297     0.202058 
    0.00285303     0.190663 
    0.00285309     0.180447 
    0.00285315     0.171254 
    0.00285321     0.162952 
    0.00285327     0.155424 
    0.00285335     0.146422 
    0.00285343     0.138424 
    0.00285351     0.131268 
    0.00285359     0.124821 
     0.0028537      0.11737 
     0.0028538     0.110741 
    0.00285391     0.104789 
    0.00285401    0.0994033 
    0.00285412    0.0944979 
    0.00285422     0.090004 
    0.00285438    0.0839179 
    0.00285455    0.0780966 
    0.00285472    0.0727355 
     0.0028549    0.0679467 
    0.00285507     0.063644 
    0.00285525     0.059759 
    0.00285543    0.0560611 
    0.00285564    0.0523955 
    0.00285584    0.0490922 
    0.00285604    0.0461032 
    0.00285624    0.0433887 
    0.00285645     0.040915 
     0.0028567    0.0381543 
    0.00285695    0.0356723 
     0.0028572    0.0334319 
    0.00285745     0.031402 
     0.0028577    0.0295567 
    0.00285796    0.0277581 
    0.00285824    0.0260708 
    0.00285852    0.0245369 
     0.0028588    0.0231382 
    0.00285907    0.0218591 
    0.00285937    0.0206038 
    0.00285971    0.0193073 
    0.00286005    0.0181329 
    0.00286038    0.0170656 
    0.00286072    0.0160927 
    0.00286106    0.0152032 
    0.00286146    0.0142523 
    0.00286185    0.0133909 
    0.00286225     0.012608 
    0.00286265    0.0118943 
    0.00286305    0.0112419 
    0.00286347    0.0106061 
    0.00286391    0.0100079 
    0.00286434   0.00946115 
    0.00286478   0.00896023 
    0.00286522   0.00850012 
     0.0028657    0.0080371 
    0.00286626   0.00754163 
    0.00286682   0.00709337 
    0.00286739   0.00668651 
    0.00286795   0.00631614 
    0.00286852   0.00597805 
    0.00286915   0.00563429 
    0.00286978   0.00532197 
    0.00287041   0.00503739 
    0.00287104   0.00477737 
    0.00287188   0.00446421 
     0.0028726   0.00421979 
    0.00287333   0.00399751 
    0.00287382   0.00386034 
    0.00287479   0.00360952 
    0.00287576   0.00338631 
    0.00287666   0.00320113 
    0.00287756   0.00303374 
    0.00287846   0.00288198 
    0.00287935   0.00274405 
    0.00288055   0.00257898 
    0.00288175   0.00243262 
    0.00288295   0.00230249 
    0.00288415   0.00218639 
    0.00288534   0.00208233 
    0.00288654    0.0019889 
    0.00288794   0.00189172 
    0.00288944   0.00179985 
    0.00289094   0.00171899 
    0.00289244    0.0016477 
    0.00289393   0.00158479 
    0.00289546   0.00152841 
    0.00289703   0.00147732 
    0.00289912   0.00141896 
    0.00290121   0.00137039 
     0.0029033   0.00132994 
    0.00290529   0.00129824 
    0.00290728   0.00127242 
    0.00291027    0.0012434 
    0.00291291   0.00122641 
    0.00291539   0.00121715 
    0.00291787   0.00121386 
    0.00292078   0.00121691 
    0.00292369   0.00122714 
    0.00292684    0.0012464 
     0.0029305   0.00127856 
    0.00293415   0.00132176 
     0.0029375   0.00137136 
     0.0029407   0.00142829 
     0.0029439   0.00149573 
    0.00294697   0.00157136 
    0.00295005   0.00165887 
    0.00295313   0.00175969 
     0.0029552   0.00183537 
    0.00295727   0.00191882 
    0.00295933   0.00201067 
    0.00296146   0.00211489 
    0.00296365   0.00223361 
    0.00296584   0.00236566 
    0.00296802   0.00251245 
    0.00297008   0.00266587 
    0.00297201   0.00282488 
    0.00297393   0.00300053 
    0.00297585   0.00319572 
    0.00297779   0.00341495 
    0.00297973   0.00366074 
    0.00298119   0.00386463 
    0.00298265   0.00408787 
    0.00298411   0.00433266 
    0.00298548   0.00458535 
    0.00298682   0.00485335 
    0.00298815   0.00514701 
    0.00298948   0.00546966 
    0.00299081   0.00582511 
     0.0029917   0.00608254 
     0.0029931   0.00652841 
    0.00299416   0.00689719 
    0.00299521    0.0072993 
    0.00299627   0.00773886 
    0.00299732   0.00822064 
    0.00299826   0.00868785 
    0.00299919    0.0091971 
    0.00300013   0.00975356 
    0.00300106    0.0103633 
      0.003002    0.0110336 
    0.00300286     0.011707 
    0.00300367    0.0124095 
    0.00300449    0.0131784 
     0.0030053    0.0140222 
    0.00300612    0.0149511 
    0.00300667    0.0156234 
    0.00300753    0.0167936 
    0.00300818    0.0177612 
    0.00300883    0.0188161 
    0.00300949    0.0199691 
    0.00301014     0.021233 
     0.0030108    0.0226553 
    0.00301147    0.0242273 
    0.00301213    0.0259707 
     0.0030128    0.0279115 
    0.00301346    0.0300804 
    0.00301408    0.0323423 
    0.00301468    0.0347758 
    0.00301528    0.0374977 
    0.00301568    0.0394955 
    0.00301608    0.0416589 
    0.00301648    0.0440069 
      0.003017    0.0474172 
    0.00301738    0.0501329 
    0.00301776    0.0530918 
    0.00301814    0.0563237 
    0.00301852    0.0598637 
     0.0030189    0.0637524 
    0.00301923    0.0675327 
    0.00301957    0.0716639 
    0.00301991    0.0761913 
    0.00302024     0.081168 
    0.00302058    0.0866561 
    0.00302089    0.0921898 
    0.00302118    0.0979846 
    0.00302147     0.104353 
    0.00302177     0.111375 
    0.00302206     0.119145 
    0.00302233     0.127159 
    0.00302257     0.134682 
     0.0030228     0.142908 
    0.00302303      0.15193 
    0.00302327     0.161859 
     0.0030235     0.172823 
    0.00302371     0.183776 
    0.00302393     0.195842 
    0.00302414     0.209181 
    0.00302435     0.223989 
    0.00302456       0.2405 
    0.00302471      0.25362 
    0.00302488      0.26903 
    0.00302504     0.285975 
    0.00302521     0.304684 
    0.00302534     0.321566 
     0.0030255     0.343394 
    0.00302566     0.367746 
    0.00302577      0.38638 
    0.00302588     0.407484 
    0.00302598     0.427817 
    0.00302612     0.457047 
    0.00302624     0.487558 
    0.00302635     0.519832 
    0.00302646     0.553132 
    0.00302657     0.591153 
    0.00302666     0.623228 
    0.00302675     0.662382 
    0.00302684      0.70383 
    0.00302692     0.745928 
    0.00302699     0.788085 
    0.00302707      0.83769 
    0.00302715     0.896359 
    0.00302721     0.944904 
    0.00302728     0.997807 
    0.00302734      1.05553 
     0.0030274      1.11639 
    0.00302746      1.18154 
    0.00302752       1.2525 
    0.00302758      1.32982 
    0.00302764       1.4141 
     0.0030277      1.50769 
    0.00302776      1.61356 
    0.00302782      1.72951 
    0.00302788      1.85643 
    0.00302795      1.99531 
    0.00302801      2.14713 
    0.00302807      2.31298 
    0.00302813      2.49393 
    0.00302819      2.69112 
    0.00302826       2.9057 
    0.00302832      3.13884 
    0.00302838      3.39169 
    0.00302844      3.66541 
    0.00302851      3.96113 
    0.00302857      4.27992 
    0.00302863      4.62281 
    0.00302869      4.99579 
    0.00302876       5.4062 
    0.00302882      5.84535 
    0.00302889      6.31385 
    0.00302898      6.98481 
    0.00302905      7.62262 
    0.00302915      8.51633 
    0.00302925       9.4777 
    0.00302935      10.5025 
    0.00302945      11.5843 
    0.00302958      13.1006 
    0.00302982      15.8792 
    0.00303006      18.7299 
    0.00303022      20.5053 
    0.00303035      21.8418 
    0.00303045        22.73 
    0.00303055      23.5008 
    0.00303065      24.1389 
    0.00303075      24.6308 
    0.00303084      24.9491 
    0.00303093      25.1251 
      0.003031      25.1619 
     0.0030311      25.0772 
    0.00303119      24.8694 
    0.00303127      24.5403 
    0.00303137      24.0167 
    0.00303147      23.3497 
    0.00303157       22.553 
    0.00303167      21.6426 
     0.0030318      20.2825 
    0.00303195      18.6042 
    0.00303224      15.2275 
    0.00303244      12.8602 
    0.00303257      11.3564 
    0.00303267      10.2861 
    0.00303277      9.27437 
    0.00303284      8.58475 
    0.00303292      7.88244 
      0.003033      7.22189 
    0.00303307      6.60369 
    0.00303315      6.00704 
    0.00303322      5.57453 
    0.00303328      5.16881 
    0.00303334      4.78925 
     0.0030334      4.43507 
    0.00303346      4.11601 
    0.00303352      3.83877 
    0.00303357      3.57986 
    0.00303363      3.33846 
    0.00303369      3.11377 
    0.00303374      2.90494 
     0.0030338      2.71112 
    0.00303386      2.53146 
    0.00303391      2.36512 
    0.00303397      2.21129 
    0.00303402      2.06914 
    0.00303408      1.92859 
    0.00303415      1.79545 
    0.00303421      1.67378 
    0.00303427      1.56266 
    0.00303433      1.46119 
     0.0030344      1.36855 
    0.00303446      1.28395 
    0.00303452      1.20668 
    0.00303458      1.13606 
    0.00303464      1.07148 
    0.00303471      1.01237 
    0.00303478     0.948906 
    0.00303485     0.891576 
    0.00303493     0.839685 
      0.003035     0.792619 
    0.00303508     0.749828 
    0.00303515     0.710829 
     0.0030352     0.686722 
     0.0030353     0.642543 
    0.00303539     0.603087 
    0.00303549      0.56768 
    0.00303561     0.531139 
    0.00303572     0.498509 
    0.00303583     0.469202 
    0.00303595     0.442736 
    0.00303606     0.418714 
    0.00303617     0.396812 
    0.00303629     0.376758 
     0.0030364     0.358327 
    0.00303652     0.339798 
    0.00303665     0.322779 
    0.00303683     0.299706 
    0.00303702     0.279162 
     0.0030372     0.260766 
    0.00303739     0.244211 
    0.00303759     0.227861 
     0.0030378     0.213159 
      0.003038     0.199881 
     0.0030382     0.187843 
    0.00303841      0.17689 
    0.00303864     0.165705 
    0.00303888     0.155037 
    0.00303912      0.14539 
    0.00303937     0.136633 
    0.00303961     0.128659 
    0.00303987     0.120902 
    0.00304016     0.112984 
    0.00304045      0.10583 
    0.00304074    0.0993435 
    0.00304103    0.0934435 
    0.00304132    0.0880602 
    0.00304165    0.0826467 
    0.00304197    0.0777229 
    0.00304229    0.0732307 
    0.00304261    0.0691208 
    0.00304293    0.0653506 
    0.00304331    0.0613219 
    0.00304371    0.0574045 
    0.00304412    0.0538535 
    0.00304452    0.0506245 
    0.00304493    0.0476795 
    0.00304535    0.0448609 
    0.00304581    0.0420594 
    0.00304628    0.0395141 
    0.00304674    0.0371944 
     0.0030472    0.0350743 
    0.00304766    0.0331314 
    0.00304819    0.0311297 
    0.00304871     0.029305 
    0.00304923     0.027637 
    0.00304975    0.0261083 
    0.00305027    0.0247038 
    0.00305089    0.0231944 
    0.00305155    0.0217226 
     0.0030522    0.0203872 
    0.00305286    0.0191718 
    0.00305352    0.0180624 
    0.00305421    0.0170108 
    0.00305494    0.0159825 
    0.00305567    0.0150453 
     0.0030564    0.0141888 
    0.00305714    0.0134039 
    0.00305787    0.0126826 
    0.00305874    0.0118996 
    0.00305961    0.0111873 
    0.00306048    0.0105375 
    0.00306135   0.00994316 
    0.00306222   0.00939808 
    0.00306321   0.00883202 
    0.00306426   0.00828665 
    0.00306531   0.00779065 
    0.00306636   0.00733819 
     0.0030674   0.00692435 
    0.00306849   0.00653231 
    0.00306965   0.00615001 
     0.0030708   0.00580066 
    0.00307196   0.00548061 
    0.00307273   0.00528195 
    0.00307427   0.00491616 
    0.00307573   0.00460587 
    0.00307718   0.00432439 
    0.00307863   0.00406831 
    0.00308008   0.00383466 
    0.00308153    0.0036209 
      0.003083   0.00342274 
    0.00308399   0.00329904 
    0.00308595   0.00307139 
    0.00308792   0.00286696 
    0.00308989   0.00268263 
    0.00309189    0.0025133 
    0.00309389   0.00235988 
    0.00309589   0.00222044 
    0.00309789   0.00209334 
    0.00309998   0.00197218 
    0.00310207   0.00186158 
    0.00310416   0.00176033 
    0.00310626   0.00166738 
    0.00310844   0.00157835 
    0.00311062   0.00149654 
    0.00311279   0.00142135 
    0.00311613   0.00131714 
     0.0031196   0.00122071 
    0.00312308   0.00113504 
    0.00312632   0.00106337 
    0.00312945   0.00100083 
    0.00313257  0.000943981 
     0.0031357  0.000892151 
    0.00313883  0.000844767 
      0.003143  0.000787663 
    0.00314717  0.000736605 
    0.00315141  0.000690087 
    0.00315572  0.000647558 
    0.00316003  0.000609228 
    0.00316434  0.000574568 
    0.00316865  0.000543125 
    0.00317296  0.000514519 
    0.00317727   0.00048842 
    0.00318158  0.000464549 
    0.00318791   0.00043305 
    0.00319417  0.000405442 
    0.00320043  0.000380886 
    0.00320669  0.000358962 
    0.00321295  0.000339317 
    0.00321991  0.000319804 
    0.00322826  0.000299188 
    0.00323616  0.000282018 
    0.00324406  0.000266844 
    0.00325195  0.000253374 
    0.00325985  0.000241391 
    0.00327038  0.000227441 
     0.0032774  0.000219224 
    0.00328442  0.000211772 
    0.00329506  0.000201826 
    0.00330435  0.000194289 
    0.00331363  0.000187694 
    0.00332291   0.00018194 
     0.0033322  0.000176951 
    0.00334149  0.000172647 
    0.00335077  0.000168964 
    0.00336006  0.000165855 
    0.00337311  0.000162392 
    0.00338616   0.00015991 
    0.00339921  0.000158342 
    0.00341499  0.000157612 
    0.00341772  0.000157604 
    0.00343412  0.000158385 
    0.00344506  0.000159637 
    0.00345599  0.000161489 
     0.0034698  0.000164727 
    0.00348361  0.000169029 
    0.00349741  0.000174481 
    0.00351122  0.000181201 
     0.0035241  0.000188786 
    0.00353268  0.000194577 
    0.00354127  0.000201042 
    0.00354985  0.000208249 
    0.00355843  0.000216184 
    0.00356702  0.000225104 
     0.0035756  0.000235033 
    0.00358573  0.000248221 
    0.00359435  0.000260853 
     0.0036027  0.000274497 
    0.00361104   0.00028973 
    0.00361938  0.000306772 
    0.00362772  0.000325883 
    0.00363607  0.000347391 
    0.00364441  0.000371691 
     0.0036515  0.000394847 
    0.00365796   0.00041831 
    0.00366442  0.000444323 
    0.00367088  0.000473261 
    0.00367734  0.000505559 
     0.0036838  0.000541743 
    0.00369027  0.000582448 
    0.00369504   0.00061581 
    0.00369981  0.000652453 
    0.00370425  0.000689905 
     0.0037087  0.000730958 
    0.00371314   0.00077608 
    0.00371759  0.000825824 
    0.00372203  0.000880839 
    0.00372648   0.00094189 
    0.00373048   0.00100282 
    0.00373448   0.00107007 
    0.00373826   0.00114039 
     0.0037416   0.00120863 
    0.00374495   0.00128361 
    0.00374861   0.00137426 
    0.00375242    0.0014798 
    0.00375497   0.00155726 
    0.00375857   0.00167804 
    0.00376207   0.00180981 
     0.0037644   0.00190671 
    0.00376674    0.0020118 
    0.00376907   0.00212603 
     0.0037714   0.00225049 
    0.00377373   0.00238645 
    0.00377601   0.00253139 
    0.00377822   0.00268578 
    0.00378043   0.00285506 
    0.00378265   0.00304119 
    0.00378491   0.00325167 
    0.00378724   0.00349095 
    0.00378898   0.00368841 
    0.00379072   0.00390334 
    0.00379246   0.00413782 
    0.00379407   0.00437379 
    0.00379561   0.00461971 
    0.00379715   0.00488728 
    0.00379869   0.00517905 
    0.00380024   0.00549801 
    0.00380173   0.00583617 
    0.00380312   0.00618171 
    0.00380452   0.00655913 
    0.00380592   0.00697238 
    0.00380731   0.00742615 
    0.00380871   0.00792612 
    0.00380987    0.0083811 
    0.00381103    0.0088767 
    0.00381219   0.00941789 
    0.00381335    0.0100104 
    0.00381451     0.010661 
    0.00381555    0.0112987 
    0.00381652    0.0119528 
     0.0038175    0.0126656 
    0.00381848    0.0134447 
    0.00381945    0.0142984 
     0.0038204    0.0152035 
    0.00382128    0.0161252 
    0.00382215    0.0171338 
    0.00382303    0.0182404 
    0.00382391    0.0194582 
    0.00382479    0.0208028 
    0.00382548    0.0219697 
    0.00382618    0.0232382 
    0.00382687    0.0246205 
    0.00382757    0.0261306 
    0.00382826    0.0277847 
    0.00382891     0.029459 
    0.00382952    0.0312122 
    0.00383014    0.0331276 
    0.00383076    0.0352258 
    0.00383137    0.0375311 
    0.00383196     0.039959 
     0.0038325    0.0423847 
    0.00383304    0.0450396 
    0.00383358    0.0479536 
    0.00383412    0.0511617 
    0.00383466    0.0547051 
    0.00383509    0.0578002 
    0.00383551    0.0611677 
    0.00383594    0.0648408 
    0.00383637     0.068858 
     0.0038368    0.0732639 
     0.0038372    0.0777925 
    0.00383759    0.0825848 
    0.00383798    0.0878385 
    0.00383837    0.0936157 
    0.00383876    0.0999891 
    0.00383902     0.104611 
     0.0038394     0.112151 
    0.00383979     0.120549 
    0.00384008     0.127492 
    0.00384037     0.135062 
    0.00384067       0.1435 
    0.00384097     0.153124 
    0.00384128     0.163769 
    0.00384152     0.172887 
    0.00384179     0.184327 
    0.00384209      0.19815 
    0.00384238     0.212749 
    0.00384258     0.224218 
    0.00384281     0.238761 
    0.00384306     0.255839 
    0.00384328     0.272611 
    0.00384352     0.292835 
    0.00384375     0.314517 
    0.00384397     0.338829 
    0.00384413     0.356727 
    0.00384428     0.376169 
    0.00384443     0.397354 
    0.00384458     0.420513 
    0.00384474     0.445921 
    0.00384489     0.473905 
    0.00384504     0.504861 
    0.00384519     0.539263 
    0.00384535     0.577688 
    0.00384546     0.609565 
    0.00384558     0.644449 
    0.00384569     0.682752 
     0.0038458     0.724948 
    0.00384592     0.771592 
    0.00384603     0.823327 
    0.00384615     0.880894 
    0.00384626     0.945152 
    0.00384638      1.01708 
    0.00384649      1.09782 
    0.00384659      1.17525 
    0.00384669      1.26105 
    0.00384679      1.35621 
    0.00384688      1.46182 
    0.00384698      1.57909 
    0.00384708      1.70293 
    0.00384717      1.83621 
    0.00384726      1.98299 
    0.00384735      2.14446 
    0.00384744      2.32188 
    0.00384753      2.51652 
    0.00384763      2.72965 
    0.00384772      2.96252 
    0.00384781      3.21635 
     0.0038479      3.49226 
    0.00384799      3.79126 
    0.00384808      4.11423 
    0.00384817      4.46184 
    0.00384827      4.83455 
    0.00384836      5.23255 
    0.00384845       5.6557 
    0.00384857      6.25816 
    0.00384869      6.90225 
    0.00384885      7.76031 
    0.00384904      8.92863 
    0.00384957      12.2046 
    0.00384975      13.2759 
    0.00384987      13.9337 
    0.00384999      14.5315 
    0.00385011      15.0571 
    0.00385024      15.4993 
    0.00385036      15.8635 
    0.00385049      16.1162 
    0.00385058      16.2196 
     0.0038507      16.2743 
     0.0038508       16.235 
    0.00385092      16.0903 
    0.00385104      15.8457 
    0.00385116      15.5055 
    0.00385126      15.1481 
    0.00385138      14.6377 
    0.00385151      14.0529 
    0.00385169      13.0625 
    0.00385187      11.9751 
    0.00385236      8.92291 
    0.00385254      7.82611 
    0.00385269      6.96423 
    0.00385282      6.31661 
    0.00385294      5.71031 
    0.00385303      5.28415 
    0.00385312       4.8831 
    0.00385321      4.50731 
     0.0038533      4.15664 
     0.0038534      3.83068 
    0.00385349      3.52876 
    0.00385358      3.25003 
    0.00385367      2.99351 
    0.00385376      2.75807 
    0.00385385      2.54252 
    0.00385395      2.34561 
    0.00385404      2.15681 
    0.00385411      2.02947 
    0.00385418      1.91116 
    0.00385425      1.80134 
    0.00385433      1.69942 
     0.0038544      1.60489 
    0.00385447      1.51722 
    0.00385454      1.43593 
    0.00385461      1.35781 
    0.00385469      1.28303 
    0.00385476      1.21403 
    0.00385484      1.15033 
    0.00385492      1.09147 
    0.00385503      1.01138 
    0.00385515     0.940008 
    0.00385525     0.880272 
    0.00385536     0.828194 
    0.00385546     0.780905 
    0.00385556     0.737849 
    0.00385566     0.698544 
    0.00385573     0.674211 
    0.00385587     0.629534 
    0.00385601     0.589536 
    0.00385614     0.553557 
    0.00385628     0.521051 
    0.00385643     0.488448 
    0.00385659     0.459043 
    0.00385674     0.432402 
    0.00385689     0.408166 
    0.00385704     0.386036 
     0.0038572     0.365758 
    0.00385735     0.347119 
     0.0038575     0.329938 
    0.00385768     0.311313 
    0.00385786     0.294285 
    0.00385804     0.278668 
    0.00385822     0.264304 
     0.0038584     0.251058 
    0.00385867     0.233033 
    0.00385894     0.216932 
    0.00385915     0.205688 
    0.00385936     0.195316 
    0.00385967     0.181199 
    0.00385998     0.168587 
    0.00386029      0.15727 
     0.0038606     0.147073 
    0.00386094     0.137028 
    0.00386129     0.127991 
    0.00386163     0.119831 
    0.00386197     0.112436 
    0.00386231     0.105713 
    0.00386267    0.0992002 
    0.00386305    0.0931043 
    0.00386342    0.0875584 
    0.00386379    0.0824978 
    0.00386417    0.0778669 
    0.00386457    0.0733643 
    0.00386501    0.0687821 
    0.00386545    0.0646187 
     0.0038659    0.0608243 
    0.00386634    0.0573565 
    0.00386679    0.0541785 
    0.00386732    0.0506923 
    0.00386786    0.0475337 
    0.00386839    0.0446625 
    0.00386893    0.0420447 
    0.00386946    0.0396512 
    0.00387003     0.037312 
    0.00387063    0.0351083 
    0.00387122    0.0330949 
    0.00387181    0.0312505 
     0.0038724    0.0295565 
    0.00387304    0.0278703 
    0.00387378    0.0260942 
    0.00387452     0.024483 
    0.00387526    0.0230167 
      0.003876    0.0216785 
    0.00387674     0.020454 
    0.00387759    0.0191746 
    0.00387844    0.0180119 
    0.00387929    0.0169521 
    0.00388014    0.0159832 
    0.00388099    0.0150951 
    0.00388191    0.0142129 
    0.00388287    0.0133758 
    0.00388383    0.0126107 
    0.00388478    0.0119094 
    0.00388574    0.0112652 
    0.00388678    0.0106225 
    0.00388799   0.00994307 
     0.0038892   0.00932681 
    0.00389041   0.00876611 
    0.00389162   0.00825456 
    0.00389282   0.00778658 
    0.00389417   0.00731128 
    0.00389551    0.0068783 
    0.00389686   0.00648282 
     0.0038982   0.00612062 
    0.00389955   0.00578794 
    0.00390106   0.00544505 
    0.00390266   0.00511518 
    0.00390425   0.00481448 
    0.00390585   0.00453959 
    0.00390745   0.00428764 
    0.00390909   0.00405063 
     0.0039108    0.0038227 
    0.00391252   0.00361358 
    0.00391423   0.00342112 
    0.00391652   0.00318759 
    0.00391877   0.00298113 
    0.00392097   0.00279769 
    0.00392317   0.00263075 
    0.00392537   0.00247837 
    0.00392763   0.00233513 
    0.00392996    0.0022006 
    0.00393228   0.00207736 
    0.00393461   0.00196422 
    0.00393701   0.00185669 
     0.0039395   0.00175465 
    0.00394199   0.00166085 
    0.00394447   0.00157443 
    0.00394805   0.00146139 
    0.00395156   0.00136223 
    0.00395507    0.0012729 
    0.00395851   0.00119356 
    0.00396195   0.00112149 
    0.00396539   0.00105582 
    0.00396883   0.00099581 
    0.00397228  0.000940831 
    0.00397586  0.000888337 
    0.00397951  0.000839261 
    0.00398317  0.000794235 
    0.00398798  0.000740323 
    0.00399279  0.000691797 
    0.00399729  0.000650629 
     0.0039991  0.000636502 
    0.00399955  0.000633796 
         0.004   0.00063161 
         0.004     0.152853 
    0.00405643     0.151761 
    0.00411366     0.150655 
     0.0041717     0.149532 
    0.00423055     0.148394 
       0.00425     0.148018 
    0.00430996     0.146944 
    0.00437077     0.145855 
    0.00443243      0.14475 
    0.00449496      0.14363 
        0.0045      0.14354 
    0.00456349     0.142482 
    0.00462787     0.141409 
    0.00469316     0.140321 
       0.00475     0.139373 
    0.00481701     0.138331 
    0.00488497     0.137273 
    0.00495389     0.136201 
         0.005     0.135484 
    0.00507054     0.134462 
    0.00514208     0.133427 
    0.00521462     0.132377 
       0.00525     0.131864 
    0.00532407     0.130857 
    0.00539918     0.129836 
    0.00547535       0.1288 
        0.0055     0.128465 
     0.0055776     0.127471 
    0.00565629     0.126463 
    0.00573609     0.125441 
       0.00575     0.125263 
    0.00583112     0.124283 
    0.00591339     0.123289 
    0.00599682      0.12228 
         0.006     0.122242 
    0.00608465     0.121247 
    0.00617049     0.120238 
       0.00625     0.119304 
    0.00633818     0.118323 
     0.0064276     0.117328 
        0.0065     0.116523 
     0.0065917     0.115555 
     0.0066847     0.114573 
       0.00675     0.113884 
    0.00684523     0.112929 
     0.0069418     0.111961 
         0.007     0.111377 
    0.00709876      0.11044 
    0.00719891     0.109489 
       0.00725     0.109004 
    0.00735228     0.108079 
    0.00745601      0.10714 
        0.0075     0.106742 
    0.00760581     0.105849 
    0.00771312     0.104944 
    0.00782193     0.104026 
    0.00793229     0.103095 
         0.008     0.102523 
    0.00811287     0.101656 
    0.00822732     0.100777 
     0.0083434    0.0998855 
    0.00846111    0.0989813 
        0.0085    0.0986826 
    0.00861992    0.0978366 
    0.00874153    0.0969788 
    0.00886486    0.0961088 
    0.00898993    0.0952266 
         0.009    0.0951555 
    0.00912697    0.0943299 
    0.00925574    0.0934927 
    0.00938632    0.0926437 
        0.0095    0.0919046 
    0.00963403    0.0910987 
    0.00976995    0.0902815 
    0.00990778    0.0894527 
          0.01    0.0888983 
     0.0101411    0.0881258 
     0.0102842    0.0873424 
     0.0104292    0.0865479 
     0.0105764    0.0857423 
      0.010625    0.0854761 
     0.0107749    0.0847257 
     0.0109269    0.0839647 
     0.0110811    0.0831929 
     0.0112374    0.0824103 
       0.01125    0.0823472 
     0.0114087    0.0816181 
     0.0115697    0.0808786 
     0.0117329    0.0801287 
      0.011875    0.0794758 
     0.0120425    0.0787671 
     0.0122124    0.0780483 
     0.0123847    0.0773195 
        0.0125    0.0768318 
     0.0126764    0.0761427 
     0.0128552    0.0754439 
     0.0130366    0.0747353 
      0.013125    0.0743897 
     0.0133102    0.0737196 
      0.013498      0.07304 
     0.0136884    0.0723508 
       0.01375    0.0721278 
      0.013944    0.0714759 
     0.0141407    0.0708148 
     0.0143402    0.0701444 
      0.014375    0.0700274 
     0.0145778    0.0693931 
     0.0147835    0.0687498 
      0.014992    0.0680974 
         0.015    0.0680725 
     0.0152116    0.0674588 
     0.0154262    0.0668364 
      0.015625    0.0662599 
     0.0158454    0.0656623 
      0.016069    0.0650562 
       0.01625    0.0645655 
     0.0164793    0.0639834 
     0.0167117    0.0633931 
      0.016875    0.0629786 
     0.0171131    0.0624115 
     0.0173545    0.0618364 
        0.0175    0.0614898 
     0.0177469    0.0609371 
     0.0179973    0.0603766 
      0.018125    0.0600907 
     0.0183807     0.059552 
       0.01864    0.0590056 
       0.01875    0.0587739 
     0.0190145    0.0582486 
     0.0192828    0.0577159 
      0.019375    0.0575328 
     0.0196483    0.0570205 
     0.0199255     0.056501 
          0.02    0.0563615 
     0.0202822    0.0558617 
     0.0205683    0.0553549 
      0.020625    0.0552545 
      0.020916    0.0547669 
     0.0212111    0.0542723 
       0.02125    0.0542071 
     0.0215498    0.0537435 
     0.0218538    0.0532733 
     0.0221621    0.0527965 
     0.0224748    0.0523129 
        0.0225     0.052274 
     0.0228174    0.0518315 
     0.0231393    0.0513829 
     0.0234658    0.0509279 
       0.02375    0.0505318 
     0.0240851    0.0501092 
     0.0244249    0.0496807 
     0.0247695    0.0492462 
         0.025    0.0489554 
     0.0253527    0.0485647 
     0.0257104    0.0481684 
     0.0260731    0.0477665 
       0.02625    0.0475705 
     0.0266203    0.0471964 
     0.0269959     0.046817 
     0.0273768    0.0464322 
        0.0275    0.0463077 
      0.027888    0.0459492 
     0.0282814    0.0455856 
     0.0286804    0.0452169 
       0.02875    0.0451526 
     0.0291556    0.0448087 
     0.0295669    0.0444599 
     0.0299841    0.0441063 
          0.03    0.0440928 
     0.0304232    0.0437746 
     0.0308525     0.043452 
       0.03125    0.0431532 
     0.0316909    0.0428474 
      0.032138    0.0425372 
        0.0325     0.042286 
     0.0329585    0.0419917 
     0.0334235    0.0416931 
       0.03375    0.0414835 
     0.0342262    0.0411999 
      0.034709    0.0409123 
         0.035     0.040739 
     0.0354938    0.0404654 
     0.0359945     0.040188 
       0.03625    0.0400465 
     0.0367614    0.0397824 
     0.0372801    0.0395146 
        0.0375     0.039401 
     0.0380291    0.0391538 
     0.0385656    0.0389031 
     0.0391097    0.0386489 
     0.0396614     0.038391 
          0.04    0.0382328 
     0.0405643    0.0379993 
     0.0411366    0.0377625 
      0.041717    0.0375223 
     0.0423055    0.0372787 
        0.0425    0.0371983 
     0.0430996    0.0369778 
     0.0437077    0.0367542 
     0.0443243    0.0365275 
     0.0449496    0.0362975 
         0.045     0.036279 
     0.0456349    0.0360698 
     0.0462787    0.0358577 
     0.0469316    0.0356426 
        0.0475    0.0354554 
     0.0481701     0.035256 
     0.0488497    0.0350538 
     0.0495389    0.0348488 
          0.05    0.0347116 
     0.0507054    0.0345237 
     0.0514208    0.0343331 
     0.0521462    0.0341397 
        0.0525    0.0340455 
     0.0532407    0.0338646 
     0.0539918    0.0336812 
     0.0547535    0.0334952 
         0.055     0.033435 
     0.0557759    0.0332601 
     0.0565628    0.0330828 
     0.0573608     0.032903 
        0.0575    0.0328717 
     0.0583112    0.0327019 
     0.0591339    0.0325298 
     0.0599682    0.0323553 
          0.06    0.0323486 
     0.0608465    0.0322171 
     0.0617049    0.0320838 
     0.0625755    0.0319485 
     0.0634583    0.0318114 
     0.0643536    0.0316723 
         0.065    0.0315719 
      0.065917    0.0314447 
      0.066847    0.0313157 
     0.0677901    0.0311849 
     0.0687465    0.0310522 
     0.0697164    0.0309177 
          0.07    0.0308784 
     0.0709876    0.0307429 
     0.0719891    0.0306055 
     0.0730047    0.0304662 
     0.0740347     0.030325 
         0.075    0.0301926 
     0.0760581    0.0300589 
     0.0771312    0.0299233 
     0.0782193    0.0297858 
     0.0793229    0.0296464 
          0.08    0.0295608 
     0.0811287    0.0294317 
     0.0822732    0.0293008 
      0.083434    0.0291681 
     0.0846111    0.0290334 
         0.085     0.028989 
     0.0861992    0.0288598 
     0.0874153    0.0287288 
     0.0886486     0.028596 
     0.0898993    0.0284613 
          0.09    0.0284505 
           0.1    0.0274525 
           0.1    0.0278162 
      0.201411    0.0236968 
           0.3    0.0212544 
           0.4    0.0206956 
      0.503527    0.0211884 
      0.604232    0.0222619 
       0.67281    0.0232515 
           0.7    0.0171841 
           0.8    0.0147601 
           0.9    0.0142517 
             1    0.0143042 
       1.15811    0.0148551 
        1.3078    0.0156116 
           1.6    0.0111143 
        1.8175    0.0114249 
         1.978    0.0110105 
        2.0009    0.0108654 
         2.056    0.0103985 
        2.1272    0.0100284 
        2.2039   0.00965697 
         2.231   0.00944837 
         2.321    0.0091627 
        2.4132   0.00905463 
        2.4433   0.00899691 
         2.488   0.00886367 
           2.6   0.00807042 
        2.7456   0.00677153 
        2.8159   0.00617562 
             3   0.00485561 
          3.25   0.00356726 
           3.5   0.00267497 
             4   0.00152546 
           4.5  0.000905177 
             5  0.000548656 
           5.5  0.000346694 
             6  0.000245971 
           6.5  0.000195997 
        6.9521  0.000178792 
           7.2  0.000177785 
           7.5  0.000183113 
             8  0.000201925 
           8.5  0.000236363 
          8.75  0.000256817 
       9.56701  0.000328237 
       9.81878  0.000349213 
            10   0.00036368 
       10.1411  0.000374104 
         10.25  0.000382151 
       10.3946  0.000391927 
          10.5  0.000399052 
       10.6481  0.000408085 
         10.75  0.000414296 
       10.9017  0.000422543 
            11   0.00042789 
       11.1552  0.000434698 
       11.3126  0.000441602 
       11.4722  0.000448603 
          11.5  0.000449824 
       11.6622  0.000454605 
       11.8268  0.000459453 
       11.9936  0.000464369 
            12  0.000464557 
       12.1693  0.000467401 
        12.341  0.000470285 
          12.5  0.000472956 
       12.6764  0.000474493 
       12.8552  0.000476053 
            13  0.000477315 
       13.1834  0.000478273 
       13.3694  0.000479245 
          13.5  0.000479927 
       13.6905  0.000480511 
       13.8836  0.000481102 
            14  0.000481459 
       14.1975  0.000481047 
       14.3978   0.00048063 
          14.6  0.000480208 
        14.806  0.000478158 
            15  0.000476227 
       15.2116  0.000472422 
       15.4262  0.000468563 
          15.5  0.000467236 
       15.7187  0.000461854 
       15.9404  0.000456396 
            16   0.00045493 
       16.2257  0.000448886 
       16.4546  0.000442757 
          16.5  0.000441543 
       16.7328  0.000435872 
       16.9689  0.000430122 
            17  0.000429363 
       17.2398  0.000424816 
       17.4831  0.000420204 
          17.5  0.000419883 
       17.7469   0.00041677 
       17.9973  0.000413613 
            18  0.000413579 
       18.2539  0.000411711 
          18.5  0.000409901 
        18.761  0.000408508 
       19.0257  0.000407096 
       19.2941  0.000405664 
          19.5  0.000404565 
       19.7751  0.000401711 
            20  0.000399378 
//
#-------------------------------------------------------------------------------
