unit: MeV 
spectrum:
0.000000000000000000e+00 0.000000000000000000e+00
1.000000000000000021e-02 2.067213400268481645e-04
2.000000000000000042e-02 4.134426800536963290e-04
2.999999999999999889e-02 6.201640200805444121e-04
4.000000000000000083e-02 8.268853601073926579e-04
5.000000000000000278e-02 1.033606700134240795e-03
5.999999999999999778e-02 1.240328040161088824e-03
7.000000000000000666e-02 1.447049380187937287e-03
8.000000000000000167e-02 1.653770720214785316e-03
8.999999999999999667e-02 1.860492060241633345e-03
1.000000000000000056e-01 1.994662812035950111e-03
1.100000000000000006e-01 2.032087805747587270e-03
1.199999999999999956e-01 2.361741460771125782e-03
1.300000000000000044e-01 2.433827648956121432e-03
1.400000000000000133e-01 2.480538373113858833e-03
1.499999999999999944e-01 2.793923619948746658e-03
1.600000000000000033e-01 2.831042243174881901e-03
1.700000000000000122e-01 3.182183971895730882e-03
1.799999999999999933e-01 3.223700084913426467e-03
1.900000000000000022e-01 3.256472228745619073e-03
2.000000000000000111e-01 3.571203916106966119e-03
2.099999999999999922e-01 3.617914640264705255e-03
2.200000000000000011e-01 3.798030533398620394e-03
2.300000000000000100e-01 3.838751913142196028e-03
2.399999999999999911e-01 3.871524056974388634e-03
2.500000000000000000e-01 4.097402413968069014e-03
2.600000000000000089e-01 4.144113138125807283e-03
2.700000000000000178e-01 4.325890728624658642e-03
2.800000000000000266e-01 4.372601452782396043e-03
2.899999999999999800e-01 4.554337605451015160e-03
2.999999999999999889e-01 4.596408787839693401e-03
3.099999999999999978e-01 4.631078616954409713e-03
3.200000000000000067e-01 4.759396556698062587e-03
3.300000000000000155e-01 4.798140904159051666e-03
3.400000000000000244e-01 4.963923377601293409e-03
3.500000000000000333e-01 4.978017222564459429e-03
3.599999999999999867e-01 4.992111067527626317e-03
3.699999999999999956e-01 5.149970535112338363e-03
3.800000000000000044e-01 5.187597177853919481e-03
3.900000000000000133e-01 5.314131161931042076e-03
4.000000000000000222e-01 5.360841886088780345e-03
4.100000000000000311e-01 5.407552610246517746e-03
4.199999999999999845e-01 5.476430063239791021e-03
4.299999999999999933e-01 5.495203546658828167e-03
4.400000000000000022e-01 5.604409730817749499e-03
4.500000000000000111e-01 5.623183214236787512e-03
4.600000000000000200e-01 5.641956697655825526e-03
4.700000000000000289e-01 5.732839243973315499e-03
4.799999999999999822e-01 5.779549968131053768e-03
4.899999999999999911e-01 5.856534374207732555e-03
5.000000000000000000e-01 5.875307857626770568e-03
5.100000000000000089e-01 5.939297691415750674e-03
5.200000000000000178e-01 5.958071174834788687e-03
5.300000000000000266e-01 5.976844658253827568e-03
5.400000000000000355e-01 6.014792024297113508e-03
5.500000000000000444e-01 6.061502748454850042e-03
5.600000000000000533e-01 6.099779602159747030e-03
5.700000000000000622e-01 6.113873447122913918e-03
5.799999999999999600e-01 6.127967292086080806e-03
5.899999999999999689e-01 6.175997779598649436e-03
5.999999999999999778e-01 6.190091624561815456e-03
6.099999999999999867e-01 6.240073401530981702e-03
6.199999999999999956e-01 6.258846884950018848e-03
6.300000000000000044e-01 6.277620368369055993e-03
6.400000000000000133e-01 6.296393851788094007e-03
6.500000000000000222e-01 6.315167335207132020e-03
6.600000000000000311e-01 6.331215765256483462e-03
6.700000000000000400e-01 6.345309610219649482e-03
6.800000000000000488e-01 6.363293490365513720e-03
6.900000000000000577e-01 6.400718484077150446e-03
7.000000000000000666e-01 6.413635691432022744e-03
7.099999999999999645e-01 6.425387193090415471e-03
7.199999999999999734e-01 6.437138694748809065e-03
7.299999999999999822e-01 6.448890196407201791e-03
7.399999999999999911e-01 6.460348338996712084e-03
7.500000000000000000e-01 6.469755812211265035e-03
7.600000000000000089e-01 6.479163285425817119e-03
7.700000000000000178e-01 6.488570758640370070e-03
7.800000000000000266e-01 6.497978231854923022e-03
7.900000000000000355e-01 6.505291033958896310e-03
8.000000000000000444e-01 6.507656292802917880e-03
8.100000000000000533e-01 6.510021551646939450e-03
8.200000000000000622e-01 6.512386810490961020e-03
8.300000000000000711e-01 6.514752069334982590e-03
8.399999999999999689e-01 6.516000826514095970e-03
8.499999999999999778e-01 6.516015298140288500e-03
8.599999999999999867e-01 6.516029769766481031e-03
8.699999999999999956e-01 6.516044241392674428e-03
8.800000000000000044e-01 6.516058713018866959e-03
8.900000000000000133e-01 6.516073184645059489e-03
9.000000000000000222e-01 6.516087656271252020e-03
9.100000000000000311e-01 6.516102127897444550e-03
9.200000000000000400e-01 6.516116599523637080e-03
9.300000000000000488e-01 6.516131071149829611e-03
9.400000000000000577e-01 6.514184920632746373e-03
9.500000000000000666e-01 6.511846910780052025e-03
9.599999999999999645e-01 6.509508900927358545e-03
9.699999999999999734e-01 6.507170891074665064e-03
9.799999999999999822e-01 6.504798972947345957e-03
9.899999999999999911e-01 6.500106785522413028e-03
1.000000000000000000e+00 6.495414598097480965e-03
1.010000000000000009e+00 6.490722410672548903e-03
1.020000000000000018e+00 6.486030223247616841e-03
1.030000000000000027e+00 6.481105887018031968e-03
1.040000000000000036e+00 6.475235974198659435e-03
1.050000000000000044e+00 6.469366061379286902e-03
1.060000000000000053e+00 6.463496148559914369e-03
1.070000000000000062e+00 6.457626235740541835e-03
1.080000000000000071e+00 6.450859123948214299e-03
1.090000000000000080e+00 6.442632485975242906e-03
1.100000000000000089e+00 6.434405848002270646e-03
1.110000000000000098e+00 6.426179210029298386e-03
1.120000000000000107e+00 6.417952572056326126e-03
1.130000000000000115e+00 6.409058602272106782e-03
1.140000000000000124e+00 6.399652964080246656e-03
1.150000000000000133e+00 6.390247325888387397e-03
1.159999999999999920e+00 6.380841687696528139e-03
1.169999999999999929e+00 6.371436049504668880e-03
1.179999999999999938e+00 6.362030411312809622e-03
1.189999999999999947e+00 6.352624773120950363e-03
1.199999999999999956e+00 6.343219134929091105e-03
1.209999999999999964e+00 6.333367255229723110e-03
1.219999999999999973e+00 6.320815536088043342e-03
1.229999999999999982e+00 6.308263816946362706e-03
1.239999999999999991e+00 6.295712097804682071e-03
1.250000000000000000e+00 6.283579915578641623e-03
1.260000000000000009e+00 6.271815000514270946e-03
1.270000000000000018e+00 6.260050085449901137e-03
1.280000000000000027e+00 6.248285170385530461e-03
1.290000000000000036e+00 6.236520255321160652e-03
1.300000000000000044e+00 6.226456706937281288e-03
1.310000000000000053e+00 6.217051068745422029e-03
1.320000000000000062e+00 6.207645430553563638e-03
1.330000000000000071e+00 6.197891274161649623e-03
1.340000000000000080e+00 6.185339555019968988e-03
1.350000000000000089e+00 6.172787835878287485e-03
1.360000000000000098e+00 6.160236116736606850e-03
1.370000000000000107e+00 6.147684397594926214e-03
1.380000000000000115e+00 6.135132678453246446e-03
1.390000000000000124e+00 6.122580959311565811e-03
1.400000000000000133e+00 6.110029240169886043e-03
1.409999999999999920e+00 6.097477521028205408e-03
1.419999999999999929e+00 6.084925801886525640e-03
1.429999999999999938e+00 6.072374082744845004e-03
1.439999999999999947e+00 6.059822363603164369e-03
1.449999999999999956e+00 6.047270644461484601e-03
1.459999999999999964e+00 6.034718925319804833e-03
1.469999999999999973e+00 6.022167206178124198e-03
1.479999999999999982e+00 6.008550898784784100e-03
1.489999999999999991e+00 5.994425003398896890e-03
1.500000000000000000e+00 5.980299108013009679e-03
1.510000000000000009e+00 5.966173212627123336e-03
1.520000000000000018e+00 5.952047317241236125e-03
1.530000000000000027e+00 5.937921421855349782e-03
1.540000000000000036e+00 5.923795526469462572e-03
1.550000000000000044e+00 5.909669631083576229e-03
1.560000000000000053e+00 5.895543735697689885e-03
1.570000000000000062e+00 5.881417840311802675e-03
1.580000000000000071e+00 5.867291944925916332e-03
1.590000000000000080e+00 5.853166049540029121e-03
1.600000000000000089e+00 5.839040154154141911e-03
1.610000000000000098e+00 5.824914258768254700e-03
1.620000000000000107e+00 5.811174446104785604e-03
1.630000000000000115e+00 5.798622726963104969e-03
1.640000000000000124e+00 5.786071007821425201e-03
1.650000000000000133e+00 5.773519288679744565e-03
1.660000000000000142e+00 5.759965391921397816e-03
1.669999999999999929e+00 5.745839496535512340e-03
1.679999999999999938e+00 5.731713601149625130e-03
1.689999999999999947e+00 5.717587705763738787e-03
1.699999999999999956e+00 5.703461810377852444e-03
1.709999999999999964e+00 5.689335914991966101e-03
1.719999999999999973e+00 5.675210019606078890e-03
1.729999999999999982e+00 5.661084124220191680e-03
1.739999999999999991e+00 5.646958228834305336e-03
1.750000000000000000e+00 5.632832333448418126e-03
1.760000000000000009e+00 5.618706438062531783e-03
1.770000000000000018e+00 5.604580542676644572e-03
1.780000000000000027e+00 5.590454647290758229e-03
1.790000000000000036e+00 5.576328751904871019e-03
1.800000000000000044e+00 5.561879028595215213e-03
1.810000000000000053e+00 5.546178199056482801e-03
1.820000000000000062e+00 5.530477369517749521e-03
1.830000000000000071e+00 5.514776539979017109e-03
1.840000000000000080e+00 5.497188438884190349e-03
1.850000000000000089e+00 5.478335465123359942e-03
1.860000000000000098e+00 5.459482491362529534e-03
1.870000000000000107e+00 5.440629517601698259e-03
1.880000000000000115e+00 5.421776543840866984e-03
1.890000000000000124e+00 5.402923570080037444e-03
1.900000000000000133e+00 5.384070596319207903e-03
1.910000000000000142e+00 5.359693325496392435e-03
1.919999999999999929e+00 5.326618041346068040e-03
1.929999999999999938e+00 5.293542757195742778e-03
1.939999999999999947e+00 5.299326228338085455e-03
1.949999999999999956e+00 5.270998575055840449e-03
1.959999999999999964e+00 5.239893414313890295e-03
1.969999999999999973e+00 5.206818130163565900e-03
1.979999999999999982e+00 5.206197172036685326e-03
1.989999999999999991e+00 5.163605969308135424e-03
2.000000000000000000e+00 5.121014766579584654e-03
2.010000000000000231e+00 5.112655521636543660e-03
2.020000000000000018e+00 5.070064318907994624e-03
2.030000000000000249e+00 5.061705073964950161e-03
2.040000000000000036e+00 5.019113871236402860e-03
2.049999999999999822e+00 4.976522668507854692e-03
2.060000000000000053e+00 4.963482297773475112e-03
2.069999999999999840e+00 4.916122777353875914e-03
2.080000000000000071e+00 4.911660974425582742e-03
2.089999999999999858e+00 4.859526210653802858e-03
2.100000000000000089e+00 4.843441223031294367e-03
2.109999999999999876e+00 4.800850020302745332e-03
2.120000000000000107e+00 4.758258817574193694e-03
2.129999999999999893e+00 4.746154986684902877e-03
2.140000000000000124e+00 4.698795466265302812e-03
2.149999999999999911e+00 4.695271563443313700e-03
2.160000000000000142e+00 4.643136799671529480e-03
2.169999999999999929e+00 4.591002035899747862e-03
2.180000000000000160e+00 4.582586169369083466e-03
2.189999999999999947e+00 4.539994966640535298e-03
2.200000000000000178e+00 4.531635721697493437e-03
2.209999999999999964e+00 4.489044518968945269e-03
2.220000000000000195e+00 4.480685274025906877e-03
2.229999999999999982e+00 4.438094071297356107e-03
2.240000000000000213e+00 4.395502868568802735e-03
2.250000000000000000e+00 4.387143623625766077e-03
2.260000000000000231e+00 4.344552420897216174e-03
2.270000000000000018e+00 4.334338230877483877e-03
2.280000000000000249e+00 4.286978710457882945e-03
2.290000000000000036e+00 4.239619190038283747e-03
2.300000000000000266e+00 4.247360813788780658e-03
2.310000000000000053e+00 4.209531018145931669e-03
2.319999999999999840e+00 4.174518586217297253e-03
2.330000000000000071e+00 4.141443302066971990e-03
2.339999999999999858e+00 4.109290683413213859e-03
2.350000000000000089e+00 4.080963030130968852e-03
2.359999999999999876e+00 4.052635376848724713e-03
2.370000000000000107e+00 4.047208979810716124e-03
2.379999999999999893e+00 4.004617777082165354e-03
2.390000000000000124e+00 3.996258532139125227e-03
2.399999999999999911e+00 3.953667329410577060e-03
2.410000000000000142e+00 3.911076126682027157e-03
2.419999999999999929e+00 3.916827105336311184e-03
2.430000000000000160e+00 3.888499452054065744e-03
2.439999999999999947e+00 3.848956512920441095e-03
2.450000000000000178e+00 3.801596992500843632e-03
2.459999999999999964e+00 3.757041117681877724e-03
2.470000000000000195e+00 3.723965833531552028e-03
2.479999999999999982e+00 3.690890549381227632e-03
2.490000000000000213e+00 3.684453030805326032e-03
2.500000000000000000e+00 3.641861828076776997e-03
2.510000000000000231e+00 3.633502583133737304e-03
2.520000000000000018e+00 3.590911380405188268e-03
2.530000000000000249e+00 3.548320177676637065e-03
2.540000000000000036e+00 3.539960932733597805e-03
2.550000000000000266e+00 3.497369730005044867e-03
2.560000000000000053e+00 3.489010485062006475e-03
2.569999999999999840e+00 3.446419282333458740e-03
2.580000000000000071e+00 3.440812887366362805e-03
2.589999999999999858e+00 3.412485234084118666e-03
2.600000000000000089e+00 3.384157580801872792e-03
2.609999999999999876e+00 3.352064874565254936e-03
2.620000000000000107e+00 3.318989590414930975e-03
2.629999999999999893e+00 3.321946386409179060e-03
2.640000000000000124e+00 3.293618733126932752e-03
2.649999999999999911e+00 3.265291079844687746e-03
2.660000000000000142e+00 3.232264963382754097e-03
2.669999999999999929e+00 3.199189679232431437e-03
2.680000000000000160e+00 3.203079885451991411e-03
2.689999999999999947e+00 3.174752232169747272e-03
2.700000000000000178e+00 3.148189230539946530e-03
2.709999999999999964e+00 3.129336256779116122e-03
2.720000000000000195e+00 3.110483283018284847e-03
2.729999999999999982e+00 3.080496866076447814e-03
2.740000000000000213e+00 3.047421581926123852e-03
2.750000000000000000e+00 3.021634067435885907e-03
2.760000000000000231e+00 3.007508172049998263e-03
2.770000000000000018e+00 2.993382276664111052e-03
2.780000000000000249e+00 2.960696954893947408e-03
2.790000000000000036e+00 2.927621670743624314e-03
2.800000000000000266e+00 2.905559709845830819e-03
2.810000000000000053e+00 2.891433814459944476e-03
2.819999999999999840e+00 2.876475828852930166e-03
2.830000000000000071e+00 2.857622855092099325e-03
2.839999999999999858e+00 2.838769881331269784e-03
2.850000000000000089e+00 2.819916907570438509e-03
2.859999999999999876e+00 2.801063933809607668e-03
2.870000000000000107e+00 2.782210960048776393e-03
2.879999999999999893e+00 2.763357986287946853e-03
2.890000000000000124e+00 2.744505012527116879e-03
2.899999999999999911e+00 2.711917201189704106e-03
2.910000000000000142e+00 2.678841917039378843e-03
2.919999999999999929e+00 2.656520424059104560e-03
2.930000000000000160e+00 2.642394528673217783e-03
2.939999999999999947e+00 2.627501285444438020e-03
2.950000000000000178e+00 2.608648311683606311e-03
2.959999999999999964e+00 2.589795337922775470e-03
2.970000000000000195e+00 2.570942364161944629e-03
2.979999999999999982e+00 2.552089390401115522e-03
2.990000000000000213e+00 2.526490866926042831e-03
3.000000000000000000e+00 2.492635260341658377e-03
3.010000000000000231e+00 2.480083541199978175e-03
3.020000000000000018e+00 2.467531822058298407e-03
3.030000000000000249e+00 2.454980102916617772e-03
3.040000000000000036e+00 2.438971547836132209e-03
3.050000000000000266e+00 2.420118574075302235e-03
3.060000000000000053e+00 2.401265600314472261e-03
3.070000000000000284e+00 2.382412626553640552e-03
3.080000000000000071e+00 2.363559652792809277e-03
3.089999999999999858e+00 2.344706679031979737e-03
3.100000000000000089e+00 2.325853705271149329e-03
3.109999999999999876e+00 2.308067080859996668e-03
3.120000000000000107e+00 2.292366251321263388e-03
3.129999999999999893e+00 2.276665421782530976e-03
3.140000000000000124e+00 2.260964592243798130e-03
3.149999999999999911e+00 2.245263762705065717e-03
3.160000000000000142e+00 2.229562933166332438e-03
3.169999999999999929e+00 2.213862103627600025e-03
3.180000000000000160e+00 2.198357382704808124e-03
3.189999999999999947e+00 2.184231487318921347e-03
3.200000000000000178e+00 2.170105591933034136e-03
3.209999999999999964e+00 2.155979696547147793e-03
3.220000000000000195e+00 2.141853801161260149e-03
3.229999999999999982e+00 2.126242762937402900e-03
3.240000000000000213e+00 2.107389789176571191e-03
3.250000000000000000e+00 2.088536815415740350e-03
3.260000000000000231e+00 2.073988999452557307e-03
3.270000000000000018e+00 2.059863104066672265e-03
3.280000000000000249e+00 2.045737208680785488e-03
3.290000000000000036e+00 2.031611313294899145e-03
3.300000000000000266e+00 2.017485417909011501e-03
3.310000000000000053e+00 2.003359522523124724e-03
3.320000000000000284e+00 1.989233627137237514e-03
3.330000000000000071e+00 1.975107731751350737e-03
3.339999999999999858e+00 1.960981836365464394e-03
3.350000000000000089e+00 1.946855940979577183e-03
3.359999999999999876e+00 1.932730045593690407e-03
3.370000000000000107e+00 1.918604150207802979e-03
3.379999999999999893e+00 1.905871230375167464e-03
3.390000000000000124e+00 1.893319511233487263e-03
3.399999999999999911e+00 1.880767792091807711e-03
3.410000000000000142e+00 1.868216072950127076e-03
3.419999999999999929e+00 1.855664353808446441e-03
3.430000000000000160e+00 1.843112634666765372e-03
3.439999999999999947e+00 1.830560915525084736e-03
3.450000000000000178e+00 1.816958207285863198e-03
3.459999999999999964e+00 1.802832311899977506e-03
3.470000000000000195e+00 1.788706416514090729e-03
3.479999999999999982e+00 1.774580521128204169e-03
3.490000000000000213e+00 1.760454625742316958e-03
3.500000000000000000e+00 1.747678276358959277e-03
3.510000000000000231e+00 1.735126557217278424e-03
3.520000000000000018e+00 1.722574838075598006e-03
3.530000000000000249e+00 1.710023118933917154e-03
3.540000000000000036e+00 1.697471399792237169e-03
3.550000000000000266e+00 1.684919680650556750e-03
3.560000000000000053e+00 1.672367961508876765e-03
3.570000000000000284e+00 1.659816242367196130e-03
3.580000000000000071e+00 1.647264523225516145e-03
3.589999999999999858e+00 1.634712804083835944e-03
3.600000000000000089e+00 1.622185815112726828e-03
3.609999999999999876e+00 1.610420900048356802e-03
3.620000000000000107e+00 1.598655984983986126e-03
3.629999999999999893e+00 1.586891069919616100e-03
3.640000000000000124e+00 1.575126154855245424e-03
3.649999999999999911e+00 1.563188651391776100e-03
3.660000000000000142e+00 1.550636932250095898e-03
3.669999999999999929e+00 1.538085213108416347e-03
3.680000000000000160e+00 1.525533493966735928e-03
3.689999999999999947e+00 1.513942708586738439e-03
3.700000000000000178e+00 1.502964408327587750e-03
3.709999999999999964e+00 1.491986108068437712e-03
3.720000000000000195e+00 1.481008294455978284e-03
3.729999999999999982e+00 1.470423230643746505e-03
3.740000000000000213e+00 1.459838166831514076e-03
3.750000000000000000e+00 1.449253103019282080e-03
3.760000000000000231e+00 1.438668039207049651e-03
3.770000000000000018e+00 1.428305051567336711e-03
3.780000000000000249e+00 1.418899413375477019e-03
3.790000000000000036e+00 1.409493775183617761e-03
3.800000000000000266e+00 1.400088136991758068e-03
3.810000000000000053e+00 1.390682498799898810e-03
3.820000000000000284e+00 1.381276860608039118e-03
3.830000000000000071e+00 1.371871222416180293e-03
3.839999999999999858e+00 1.362465584224321251e-03
3.850000000000000089e+00 1.353059946032461993e-03
3.859999999999999876e+00 1.343654307840602951e-03
3.870000000000000107e+00 1.334248669648743476e-03
3.879999999999999893e+00 1.324843031456884434e-03
3.890000000000000124e+00 1.315437393265024959e-03
3.899999999999999911e+00 1.306031755073165917e-03
3.910000000000000142e+00 1.296626116881306225e-03
3.919999999999999929e+00 1.287220478689446966e-03
3.930000000000000160e+00 1.277814840497587057e-03
3.939999999999999947e+00 1.268409202305727582e-03
3.950000000000000178e+00 1.259003564113867673e-03
3.959999999999999964e+00 1.249597925922008414e-03
3.970000000000000195e+00 1.240192287730148939e-03
3.979999999999999982e+00 1.230786649538290114e-03
3.990000000000000213e+00 1.221381011346430638e-03
4.000000000000000000e+00 1.211975373154571814e-03
4.009999999999999787e+00 1.202710297283064765e-03
4.020000000000000462e+00 1.194483659310091421e-03
4.030000000000000249e+00 1.186257021337118944e-03
4.040000000000000036e+00 1.178030383364146467e-03
4.049999999999999822e+00 1.169803745391173990e-03
4.060000000000000497e+00 1.161936029833292435e-03
4.070000000000000284e+00 1.154887966907833805e-03
4.080000000000000071e+00 1.147839903982374957e-03
4.089999999999999858e+00 1.140791841056916327e-03
4.099999999999999645e+00 1.133743778131457696e-03
4.110000000000000320e+00 1.126119405354508501e-03
4.120000000000000107e+00 1.117892767381536675e-03
4.129999999999999893e+00 1.109666129408564848e-03
4.139999999999999680e+00 1.101439491435593238e-03
4.150000000000000355e+00 1.093212853462620544e-03
4.160000000000000142e+00 1.086575370220648623e-03
4.169999999999999929e+00 1.080705457401275873e-03
4.179999999999999716e+00 1.074835544581903340e-03
4.190000000000000391e+00 1.068965631762530157e-03
4.200000000000000178e+00 1.063095718943157623e-03
4.209999999999999964e+00 1.056215085951409290e-03
4.219999999999999751e+00 1.049167023025950659e-03
4.230000000000000426e+00 1.042118960100491378e-03
4.240000000000000213e+00 1.035070897175032747e-03
4.250000000000000000e+00 1.028072713372079391e-03
4.259999999999999787e+00 1.022202800552707075e-03
4.270000000000000462e+00 1.016332887733334325e-03
4.280000000000000249e+00 1.010462974913962008e-03
4.290000000000000036e+00 1.004593062094589909e-03
4.299999999999999822e+00 9.987231492752175928e-04
4.310000000000000497e+00 9.928532364558444092e-04
4.320000000000000284e+00 9.869833236364716593e-04
4.330000000000000071e+00 9.811134108170991262e-04
4.339999999999999858e+00 9.752434979977263763e-04
4.350000000000000533e+00 9.693735851783534096e-04
4.360000000000000320e+00 9.635036723589812018e-04
4.370000000000000107e+00 9.576337595396089940e-04
4.379999999999999893e+00 9.517638467202367862e-04
4.389999999999999680e+00 9.458939339008644700e-04
4.400000000000000355e+00 9.407225065476616278e-04
4.410000000000000142e+00 9.360303191227298909e-04
4.419999999999999929e+00 9.313381316977981540e-04
4.429999999999999716e+00 9.266459442728664170e-04
4.440000000000000391e+00 9.219537568479342464e-04
4.450000000000000178e+00 9.154338980064241063e-04
4.459999999999999964e+00 9.083858350809649335e-04
4.469999999999999751e+00 9.013377721555057608e-04
4.480000000000000426e+00 8.942897092300460459e-04
4.490000000000000213e+00 8.872416463045868732e-04
4.500000000000000000e+00 8.824557945703381074e-04
4.509999999999999787e+00 8.777636071454062621e-04
4.520000000000000462e+00 8.730714197204739830e-04
4.530000000000000249e+00 8.683792322955421377e-04
4.540000000000000036e+00 8.633502605837042789e-04
4.549999999999999822e+00 8.563021976582454314e-04
4.560000000000000497e+00 8.492541347327859334e-04
4.570000000000000284e+00 8.422060718073269775e-04
4.580000000000000071e+00 8.351580088818681301e-04
4.589999999999999858e+00 8.284956775134142424e-04
4.600000000000000533e+00 8.226257646940412756e-04
4.610000000000000320e+00 8.167558518746688510e-04
4.620000000000000107e+00 8.108859390552964263e-04
4.629999999999999893e+00 8.050160262359240017e-04
4.639999999999999680e+00 7.997479140292857022e-04
4.650000000000000355e+00 7.950557266043536400e-04
4.660000000000000142e+00 7.903635391794221199e-04
4.669999999999999929e+00 7.856713517544904914e-04
4.679999999999999716e+00 7.809791643295588628e-04
4.690000000000000391e+00 7.771036685528803908e-04
4.700000000000000178e+00 7.735887820403578941e-04
4.709999999999999964e+00 7.700738955278353974e-04
4.719999999999999751e+00 7.665590090153127922e-04
4.730000000000000426e+00 7.630441225027899703e-04
4.740000000000000213e+00 7.584984586439665836e-04
4.750000000000000000e+00 7.538062712190345214e-04
4.759999999999999787e+00 7.491140837941025676e-04
4.770000000000000462e+00 7.444218963691701801e-04
4.780000000000000249e+00 7.397297089442381179e-04
4.790000000000000036e+00 7.350375215193063810e-04
4.799999999999999822e+00 7.303453340943745356e-04
4.810000000000000497e+00 7.256531466694423650e-04
4.820000000000000284e+00 7.209609592445105197e-04
4.830000000000000071e+00 7.162687718195787827e-04
4.839999999999999858e+00 7.115765843946467205e-04
4.850000000000000533e+00 7.068843969697143331e-04
4.860000000000000320e+00 7.021922095447823793e-04
4.870000000000000107e+00 6.975000221198503171e-04
4.879999999999999893e+00 6.928078346949184717e-04
4.889999999999999680e+00 6.881156472699866264e-04
4.900000000000000355e+00 6.834234598450544557e-04
4.910000000000000142e+00 6.787312724201226104e-04
4.919999999999999929e+00 6.740390849951907650e-04
4.929999999999999716e+00 6.707744566913287007e-04
4.940000000000000391e+00 6.684364468386348951e-04
4.950000000000000178e+00 6.660984369859413064e-04
4.959999999999999964e+00 6.637604271332477176e-04
4.969999999999999751e+00 6.614224172805540205e-04
4.980000000000000426e+00 6.572307981736012902e-04
4.990000000000000213e+00 6.525386107486689027e-04
5.000000000000000000e+00 6.478464233237365153e-04
5.009999999999999787e+00 6.431542358988041278e-04
5.020000000000000462e+00 6.384620484738713067e-04
5.030000000000000249e+00 6.360536086661988534e-04
5.040000000000000036e+00 6.337155988135052646e-04
5.049999999999999822e+00 6.313775889608116759e-04
5.060000000000000497e+00 6.290395791081178703e-04
5.070000000000000284e+00 6.263459490772146530e-04
5.080000000000000071e+00 6.216537616522825908e-04
5.089999999999999858e+00 6.169615742273505286e-04
5.100000000000000533e+00 6.122693868024181411e-04
5.110000000000000320e+00 6.075771993774860789e-04
5.120000000000000107e+00 6.036707704937642211e-04
5.129999999999999893e+00 6.013327606410706324e-04
5.139999999999999680e+00 5.989947507883770436e-04
5.150000000000000355e+00 5.966567409356832380e-04
5.160000000000000142e+00 5.943187310829896493e-04
5.169999999999999929e+00 5.907689125558973631e-04
5.179999999999999716e+00 5.860767251309653009e-04
5.190000000000000391e+00 5.813845377060329134e-04
5.200000000000000178e+00 5.766923502811009596e-04
5.209999999999999964e+00 5.720001628561688974e-04
5.219999999999999751e+00 5.689499224686358917e-04
5.230000000000000426e+00 5.666119126159418692e-04
5.240000000000000213e+00 5.642739027632480637e-04
5.250000000000000000e+00 5.619358929105542581e-04
5.259999999999999787e+00 5.595978830578604525e-04
5.270000000000000462e+00 5.551918760345788805e-04
5.280000000000000249e+00 5.504996886096470352e-04
5.290000000000000036e+00 5.458075011847151898e-04
5.299999999999999822e+00 5.411153137597834529e-04
5.310000000000000497e+00 5.364951182870491067e-04
5.320000000000000284e+00 5.329802317745268268e-04
5.330000000000000071e+00 5.294653452620045470e-04
5.339999999999999858e+00 5.259504587494822671e-04
5.350000000000000533e+00 5.224355722369597704e-04
5.360000000000000320e+00 5.189206857244373821e-04
5.370000000000000107e+00 5.154057992119149938e-04
5.379999999999999893e+00 5.118909126993926055e-04
5.389999999999999680e+00 5.083760261868702172e-04
5.400000000000000355e+00 5.048611396743475036e-04
5.410000000000000142e+00 5.018462362710726047e-04
5.419999999999999929e+00 4.995082264183790159e-04
5.429999999999999716e+00 4.971702165656854272e-04
5.440000000000000391e+00 4.948322067129916216e-04
5.450000000000000178e+00 4.924941968602980329e-04
5.459999999999999964e+00 4.887299904168764713e-04
5.469999999999999751e+00 4.840378029919444633e-04
5.480000000000000426e+00 4.793456155670120216e-04
5.490000000000000213e+00 4.746534281420800136e-04
5.500000000000000000e+00 4.699612407171480598e-04
5.509999999999999787e+00 4.671253882459443837e-04
5.520000000000000462e+00 4.647873783932503612e-04
5.530000000000000249e+00 4.624493685405565557e-04
5.540000000000000036e+00 4.601113586878627501e-04
5.549999999999999822e+00 4.577733488351689445e-04
5.560000000000000497e+00 4.554353389824750305e-04
5.570000000000000284e+00 4.530973291297812791e-04
5.580000000000000071e+00 4.507593192770875819e-04
5.589999999999999858e+00 4.484213094243938848e-04
5.600000000000000533e+00 4.457290419238322046e-04
5.610000000000000320e+00 4.410368544989001966e-04
5.620000000000000107e+00 4.363446670739681886e-04
5.629999999999999893e+00 4.316524796490361806e-04
5.639999999999999680e+00 4.269602922241041727e-04
5.650000000000000355e+00 4.234444868547434029e-04
5.660000000000000142e+00 4.222829296385817248e-04
5.669999999999999929e+00 4.211213724224200467e-04
5.679999999999999716e+00 4.199598152062583687e-04
5.690000000000000391e+00 4.187982579900965821e-04
5.700000000000000178e+00 4.164287341657583433e-04
5.709999999999999964e+00 4.129138476532361718e-04
5.719999999999999751e+00 4.093989611407140004e-04
5.730000000000000426e+00 4.058840746281915037e-04
5.740000000000000213e+00 4.023691881156693322e-04
5.750000000000000000e+00 3.988543016031468897e-04
5.759999999999999787e+00 3.953394150906242846e-04
5.770000000000000462e+00 3.918245285781014084e-04
5.780000000000000249e+00 3.883096420655788032e-04
5.790000000000000036e+00 3.847947555530561981e-04
5.799999999999999822e+00 3.833437156362904806e-04
5.810000000000000497e+00 3.821821584201286399e-04
5.820000000000000284e+00 3.810206012039669076e-04
5.830000000000000071e+00 3.798590439878051753e-04
5.839999999999999858e+00 3.786303136088582546e-04
5.850000000000000533e+00 3.762923037561645033e-04
5.860000000000000320e+00 3.739542939034708603e-04
5.870000000000000107e+00 3.716162840507772716e-04
5.879999999999999893e+00 3.692782741980836828e-04
5.889999999999999680e+00 3.669402643453900398e-04
5.900000000000000355e+00 3.646022544926960174e-04
5.910000000000000142e+00 3.622642446400022118e-04
5.919999999999999929e+00 3.599262347873083520e-04
5.929999999999999716e+00 3.575882249346145464e-04
5.940000000000000391e+00 3.562360235709517860e-04
5.950000000000000178e+00 3.562504951971445875e-04
5.959999999999999964e+00 3.562649668233373889e-04
5.969999999999999751e+00 3.562794384495301904e-04
5.980000000000000426e+00 3.562939100757229918e-04
5.990000000000000213e+00 3.556047752852101954e-04
6.000000000000000000e+00 3.544432180690485173e-04
6.009999999999999787e+00 3.532816608528868392e-04
6.020000000000000462e+00 3.521201036367250527e-04
6.030000000000000249e+00 3.509585464205633746e-04
6.040000000000000036e+00 3.479651623412434685e-04
6.049999999999999822e+00 3.444502758287209176e-04
6.060000000000000497e+00 3.409353893161980956e-04
6.070000000000000284e+00 3.374205028036755447e-04
6.080000000000000071e+00 3.339056162911530480e-04
6.089999999999999858e+00 3.337797695362642236e-04
6.100000000000000533e+00 3.337942411624569708e-04
6.110000000000000320e+00 3.338087127886497723e-04
6.120000000000000107e+00 3.338231844148425737e-04
6.129999999999999893e+00 3.338376560410353210e-04
6.140000000000000568e+00 3.338521276672279598e-04
6.150000000000000355e+00 3.338665992934205444e-04
6.160000000000000142e+00 3.338810709196131290e-04
6.169999999999999929e+00 3.338955425458057136e-04
6.179999999999999716e+00 3.335351881781352759e-04
6.190000000000000391e+00 3.323736309619735436e-04
6.200000000000000178e+00 3.312120737458119197e-04
6.209999999999999964e+00 3.300505165296502416e-04
6.219999999999999751e+00 3.288889593134886177e-04
6.230000000000000426e+00 3.265534915822033719e-04
6.240000000000000213e+00 3.230386050696808209e-04
6.250000000000000000e+00 3.195237185571583242e-04
6.259999999999999787e+00 3.160088320446358275e-04
6.270000000000000462e+00 3.124939455321129513e-04
6.280000000000000249e+00 3.113814020063467285e-04
6.290000000000000036e+00 3.113958736325393131e-04
6.299999999999999822e+00 3.114103452587318977e-04
6.310000000000000497e+00 3.114248168849244824e-04
6.320000000000000284e+00 3.114392885111170670e-04
6.330000000000000071e+00 3.114537601373097600e-04
6.339999999999999858e+00 3.114682317635024530e-04
6.350000000000000533e+00 3.114827033896951460e-04
6.360000000000000320e+00 3.105772743093168295e-04
6.370000000000000107e+00 3.068269615618591682e-04
6.379999999999999893e+00 3.030766488144015611e-04
6.390000000000000568e+00 2.993263360669435745e-04
6.400000000000000355e+00 2.955760233194859132e-04
6.410000000000000142e+00 2.918257105720283061e-04
6.419999999999999929e+00 2.889106763454664189e-04
6.429999999999999716e+00 2.889251479716590035e-04
6.440000000000000391e+00 2.889396195978515881e-04
6.450000000000000178e+00 2.889540912240441727e-04
6.459999999999999964e+00 2.889685628502367573e-04
6.469999999999999751e+00 2.875673882605507916e-04
6.480000000000000426e+00 2.840525017480282949e-04
6.490000000000000213e+00 2.805376152355061234e-04
6.500000000000000000e+00 2.770227287229839520e-04
6.509999999999999787e+00 2.735078422104617805e-04
6.520000000000000462e+00 2.713648298526084098e-04
6.530000000000000249e+00 2.702032726364467317e-04
6.540000000000000036e+00 2.690417154202849994e-04
6.549999999999999822e+00 2.678801582041233213e-04
6.560000000000000497e+00 2.667186009879615348e-04
6.570000000000000284e+00 2.664544223107786938e-04
6.580000000000000071e+00 2.664688939369712784e-04
6.589999999999999858e+00 2.664833655631639172e-04
6.600000000000000533e+00 2.664978371893565018e-04
6.610000000000000320e+00 2.665123088155490864e-04
6.620000000000000107e+00 2.620917055088335321e-04
6.629999999999999893e+00 2.573995180839017409e-04
6.640000000000000568e+00 2.527073306589695161e-04
6.650000000000000355e+00 2.480151432340377249e-04
6.660000000000000142e+00 2.439113385189345124e-04
6.669999999999999929e+00 2.439258101451270970e-04
6.679999999999999716e+00 2.439402817713196816e-04
6.690000000000000391e+00 2.439547533975122663e-04
6.700000000000000178e+00 2.439692250237048509e-04
6.709999999999999964e+00 2.436258895015272030e-04
6.719999999999999751e+00 2.424643322853654978e-04
6.730000000000000426e+00 2.413027750692037113e-04
6.740000000000000213e+00 2.401412178530420061e-04
6.750000000000000000e+00 2.389796606368803280e-04
6.759999999999999787e+00 2.366782489986481565e-04
6.770000000000000462e+00 2.331633624861253345e-04
6.780000000000000249e+00 2.296484759736028107e-04
6.790000000000000036e+00 2.261335894610803140e-04
6.799999999999999822e+00 2.226187029485578173e-04
6.810000000000000497e+00 2.214550844842458116e-04
6.820000000000000284e+00 2.214695561104383962e-04
6.830000000000000071e+00 2.214840277366309808e-04
6.839999999999999858e+00 2.214984993628235383e-04
6.850000000000000533e+00 2.215129709890161229e-04
6.860000000000000320e+00 2.195385551214272578e-04
6.870000000000000107e+00 2.172005452687336691e-04
6.879999999999999893e+00 2.148625354160400532e-04
6.890000000000000568e+00 2.125245255633462476e-04
6.900000000000000355e+00 2.101865157106526589e-04
6.910000000000000142e+00 2.078485058579590430e-04
6.919999999999999929e+00 2.055104960052654272e-04
6.929999999999999716e+00 2.031724861525718384e-04
6.940000000000000391e+00 2.008344762998780057e-04
6.950000000000000178e+00 1.989843588233655019e-04
6.959999999999999964e+00 1.989988304495580865e-04
6.969999999999999751e+00 1.990133020757506982e-04
6.980000000000000426e+00 1.990277737019432829e-04
6.990000000000000213e+00 1.990422453281358675e-04
7.000000000000000000e+00 1.986020237448216270e-04
7.009999999999999787e+00 1.974404665286598947e-04
7.020000000000000462e+00 1.962789093124980540e-04
7.030000000000000249e+00 1.951173520963363217e-04
7.040000000000000036e+00 1.939557948801745894e-04
7.049999999999999822e+00 1.914605063591054836e-04
7.060000000000000497e+00 1.879456198465829868e-04
7.070000000000000284e+00 1.844307333340608154e-04
7.080000000000000071e+00 1.809158468215386439e-04
7.089999999999999858e+00 1.774009603090164725e-04
7.100000000000000533e+00 1.765281047886778311e-04
7.110000000000000320e+00 1.765425764148704157e-04
7.120000000000000107e+00 1.765570480410630003e-04
7.129999999999999893e+00 1.765715196672555849e-04
7.140000000000000568e+00 1.765859912934481695e-04
7.150000000000000355e+00 1.755093122583881626e-04
7.160000000000000142e+00 1.743477550422264574e-04
7.169999999999999929e+00 1.731861978260647794e-04
7.179999999999999716e+00 1.720246406099031013e-04
7.190000000000000391e+00 1.706090782955954903e-04
7.200000000000000178e+00 1.670941917830731020e-04
7.209999999999999964e+00 1.635793052705507137e-04
7.219999999999999751e+00 1.600644187580283254e-04
7.230000000000000426e+00 1.565495322455056119e-04
7.240000000000000213e+00 1.540573791277965998e-04
7.250000000000000000e+00 1.540718507539894013e-04
7.259999999999999787e+00 1.540863223801822027e-04
7.270000000000000462e+00 1.541007940063750042e-04
7.280000000000000249e+00 1.541152656325677785e-04
7.290000000000000036e+00 1.541297372587605800e-04
7.299999999999999822e+00 1.541442088849533814e-04
7.310000000000000497e+00 1.541586805111461829e-04
7.320000000000000284e+00 1.541731521373389843e-04
7.330000000000000071e+00 1.541876237635317858e-04
7.339999999999999858e+00 1.511509654737801212e-04
7.350000000000000533e+00 1.464587780488474898e-04
7.360000000000000320e+00 1.417665906239152650e-04
7.370000000000000107e+00 1.370744031989830673e-04
7.379999999999999893e+00 1.323822157740508424e-04
7.390000000000000568e+00 1.316011250931080345e-04
7.400000000000000355e+00 1.316155967193008360e-04
7.410000000000000142e+00 1.316300683454936103e-04
7.419999999999999929e+00 1.316445399716864118e-04
7.429999999999999716e+00 1.316590115978792132e-04
7.440000000000000391e+00 1.316734832240720147e-04
7.450000000000000178e+00 1.316879548502648161e-04
7.459999999999999964e+00 1.317024264764576175e-04
7.469999999999999751e+00 1.317168981026503919e-04
7.480000000000000426e+00 1.308396924367413803e-04
7.490000000000000213e+00 1.261475050118093723e-04
7.500000000000000000e+00 1.214553175868773643e-04
7.509999999999999787e+00 1.167631301619453563e-04
7.520000000000000462e+00 1.120709427370129282e-04
7.530000000000000249e+00 1.091303994322276435e-04
7.540000000000000036e+00 1.091448710584204314e-04
7.549999999999999822e+00 1.091593426846132329e-04
7.560000000000000497e+00 1.091738143108060343e-04
7.570000000000000284e+00 1.091882859369988358e-04
7.580000000000000071e+00 1.092027575631916372e-04
7.589999999999999858e+00 1.092172291893844387e-04
7.600000000000000533e+00 1.092317008155772266e-04
7.610000000000000320e+00 1.092461724417700280e-04
7.620000000000000107e+00 1.092606440679628295e-04
7.629999999999999893e+00 1.092751156941554683e-04
7.640000000000000568e+00 1.092895873203480664e-04
7.650000000000000355e+00 1.093040589465406510e-04
7.660000000000000142e+00 1.093185305727332356e-04
7.669999999999999929e+00 1.093330021989258202e-04
7.679999999999999716e+00 1.093474738251185946e-04
7.690000000000000391e+00 1.093619454513113960e-04
7.700000000000000178e+00 1.093764170775041839e-04
7.709999999999999964e+00 1.093908887036969854e-04
7.719999999999999751e+00 1.094053603298897733e-04
7.730000000000000426e+00 1.094198319560825070e-04
7.740000000000000213e+00 1.094343035822752406e-04
7.750000000000000000e+00 1.094487752084679743e-04
7.759999999999999787e+00 1.072344029546698859e-04
7.770000000000000462e+00 1.025422155297375798e-04
7.780000000000000249e+00 9.785002810480569377e-05
7.790000000000000036e+00 9.315784067987379420e-05
7.799999999999999822e+00 8.846565325494190819e-05
7.810000000000000497e+00 8.377346583000958849e-05
7.820000000000000284e+00 8.173972164417823646e-05
7.830000000000000071e+00 8.292979854750229815e-05
7.839999999999999858e+00 8.411987545082637340e-05
7.850000000000000533e+00 8.530995235415054351e-05
7.860000000000000320e+00 8.650002925747460520e-05
7.870000000000000107e+00 8.697482948722053966e-05
7.879999999999999893e+00 8.703011126964334580e-05
7.890000000000000568e+00 8.708539305206616549e-05
7.900000000000000355e+00 8.714067483448897163e-05
7.910000000000000142e+00 8.631300351960433841e-05
7.919999999999999929e+00 8.559568954696677653e-05
7.930000000000000604e+00 8.468109879993916146e-05
7.940000000000000391e+00 8.387671817460330464e-05
7.950000000000000178e+00 8.532919544219229227e-05
7.959999999999999964e+00 8.229073751671078839e-05
7.969999999999999751e+00 8.150899437666483699e-05
7.980000000000000426e+00 8.073465507770313148e-05
7.990000000000000213e+00 7.996764973686584712e-05
8.000000000000000000e+00 7.920790912827188005e-05
8.009999999999999787e+00 7.845536467696785665e-05
8.019999999999999574e+00 7.770994845283395506e-05
8.029999999999999361e+00 7.697159316454676937e-05
8.040000000000000924e+00 7.624023215359805085e-05
8.050000000000000711e+00 7.551579938836996313e-05
8.060000000000000497e+00 7.479822945826434437e-05
8.070000000000000284e+00 7.408745756788777859e-05
8.080000000000000071e+00 7.338341953129019952e-05
8.089999999999999858e+00 7.268605176625743359e-05
8.099999999999999645e+00 7.199563903207602538e-05
8.109999999999999432e+00 7.131179864851603604e-05
8.120000000000000995e+00 7.063443379975885208e-05
8.130000000000000782e+00 6.996348337629639468e-05
8.140000000000000568e+00 6.929888684308480799e-05
8.150000000000000355e+00 6.864058423416830707e-05
8.160000000000000142e+00 6.798851614735266884e-05
8.169999999999999929e+00 6.734262373892798640e-05
8.179999999999999716e+00 6.670284871844113408e-05
8.189999999999999503e+00 6.606913334351657428e-05
8.199999999999999289e+00 6.544142041472553336e-05
8.210000000000000853e+00 6.481965327050276035e-05
8.220000000000000639e+00 6.420377578211123465e-05
8.230000000000000426e+00 6.359373234865278951e-05
8.240000000000000213e+00 6.298946789212612888e-05
8.250000000000000000e+00 6.239092785253048902e-05
8.259999999999999787e+00 6.179805818301493156e-05
8.269999999999999574e+00 6.121080534507287486e-05
8.279999999999999361e+00 6.062911630378152493e-05
8.290000000000000924e+00 6.005319959028961074e-05
8.300000000000000711e+00 5.948279429555670657e-05
8.310000000000000497e+00 5.891779036120250220e-05
8.320000000000000284e+00 5.835813681485434650e-05
8.330000000000000071e+00 5.780378316330740055e-05
8.339999999999999858e+00 5.725467938803999797e-05
8.349999999999999645e+00 5.671077594077072673e-05
8.359999999999999432e+00 5.617202373905692744e-05
8.370000000000000995e+00 5.563837416193399837e-05
8.380000000000000782e+00 5.510977904559588656e-05
8.390000000000000568e+00 5.458619067911476603e-05
8.400000000000000355e+00 5.406756180020163112e-05
8.410000000000000142e+00 5.355384559100585335e-05
8.419999999999999929e+00 5.304499567395395244e-05
8.429999999999999716e+00 5.254096610762714801e-05
8.439999999999999503e+00 5.204171138267735968e-05
8.449999999999999289e+00 5.154718641778122210e-05
8.460000000000000853e+00 5.105734655563166072e-05
8.470000000000000639e+00 5.057214755896738764e-05
8.480000000000000426e+00 5.009173918227013343e-05
8.490000000000000213e+00 4.961595242378107588e-05
8.500000000000000000e+00 4.914467103739552674e-05
8.509999999999999787e+00 4.867785250628033967e-05
8.519999999999999574e+00 4.821545471328206089e-05
8.529999999999999361e+00 4.775743593718620130e-05
8.540000000000000924e+00 4.730375484901131822e-05
8.550000000000000711e+00 4.685437050833800174e-05
8.560000000000000497e+00 4.640924235967113247e-05
8.570000000000000284e+00 4.596833022883700317e-05
8.580000000000000071e+00 4.553159431941345439e-05
8.589999999999999858e+00 4.509899520919338989e-05
8.599999999999999645e+00 4.467049384668125866e-05
8.609999999999999432e+00 4.424605154762216463e-05
8.620000000000000995e+00 4.382562999156316361e-05
8.630000000000000782e+00 4.340919121844710667e-05
8.640000000000000568e+00 4.299669762523734254e-05
8.650000000000000355e+00 4.258811196257473612e-05
8.660000000000000142e+00 4.218339733146534272e-05
8.669999999999999929e+00 4.178265846941426920e-05
8.679999999999999716e+00 4.138579497417957522e-05
8.689999999999999503e+00 4.099268949105838071e-05
8.700000000000001066e+00 4.060330655611196776e-05
8.710000000000000853e+00 4.021761103877952246e-05
8.720000000000000639e+00 3.983556813875752323e-05
8.730000000000000426e+00 3.945714338290893792e-05
8.740000000000000213e+00 3.908230262220082024e-05
8.750000000000000000e+00 3.871101202867054943e-05
8.759999999999999787e+00 3.834323809242028635e-05
8.769999999999999574e+00 3.797894761863932736e-05
8.779999999999999361e+00 3.761810772465439684e-05
8.790000000000000924e+00 3.726068583700729538e-05
8.800000000000000711e+00 3.690664968855992417e-05
8.810000000000000497e+00 3.655596731562581805e-05
8.820000000000000284e+00 3.620860705512901406e-05
8.830000000000000071e+00 3.586453754178898151e-05
8.839999999999999858e+00 3.552372770533196585e-05
8.849999999999999645e+00 3.518614676772821798e-05
8.859999999999999432e+00 3.485186526193511514e-05
8.870000000000000995e+00 3.452083328041744020e-05
8.880000000000000782e+00 3.419293592455996026e-05
8.890000000000000568e+00 3.386814361335091549e-05
8.900000000000000355e+00 3.354642704385295065e-05
8.910000000000000142e+00 3.322775718860052167e-05
8.919999999999999929e+00 3.291210529302155443e-05
8.929999999999999716e+00 3.259944287288314582e-05
8.939999999999999503e+00 3.228974171176106968e-05
8.950000000000001066e+00 3.198297385853275584e-05
8.960000000000000853e+00 3.167911162489389789e-05
8.970000000000000639e+00 3.137812758289770055e-05
8.980000000000000426e+00 3.107999456251753895e-05
8.990000000000000213e+00 3.078468564923203380e-05
9.000000000000000000e+00 3.049217418163276271e-05
9.009999999999999787e+00 3.020243374905420440e-05
9.019999999999999574e+00 2.991543818922575657e-05
9.029999999999999361e+00 2.963116158594553614e-05
9.040000000000000924e+00 2.934957826677615821e-05
9.050000000000000711e+00 2.907073302440715912e-05
9.060000000000000497e+00 2.879461245947793492e-05
9.070000000000000284e+00 2.852110654232095581e-05
9.080000000000000071e+00 2.825019059896363650e-05
9.089999999999999858e+00 2.798184018737856157e-05
9.099999999999999645e+00 2.771603109531265859e-05
9.109999999999999432e+00 2.745273933813663906e-05
9.120000000000000995e+00 2.719194115671436161e-05
9.130000000000000782e+00 2.693361301529230368e-05
9.140000000000000568e+00 2.667773159940820332e-05
9.150000000000000355e+00 2.642427381381967736e-05
9.160000000000000142e+00 2.617321678045185721e-05
9.169999999999999929e+00 2.592453783636423196e-05
9.179999999999999716e+00 2.567821453173640742e-05
9.189999999999999503e+00 2.543422462787261505e-05
9.200000000000001066e+00 2.519254609522482522e-05
9.210000000000000853e+00 2.495315711143443406e-05
9.220000000000000639e+00 2.471603605939178219e-05
9.230000000000000426e+00 2.448116152531422339e-05
9.240000000000000213e+00 2.424855915921159051e-05
9.250000000000000000e+00 2.401824133363458753e-05
9.259999999999999787e+00 2.379010443289339473e-05
9.269999999999999574e+00 2.356412787605156159e-05
9.279999999999999361e+00 2.334029127564092248e-05
9.290000000000000924e+00 2.311857443585088075e-05
9.300000000000000711e+00 2.289895735073460301e-05
9.310000000000000497e+00 2.268142020243184241e-05
9.320000000000000284e+00 2.246594335940843481e-05
9.330000000000000071e+00 2.225250737471208179e-05
9.339999999999999858e+00 2.204109298424443056e-05
9.349999999999999645e+00 2.183168110504923388e-05
9.359999999999999432e+00 2.162425283361645798e-05
9.370000000000000995e+00 2.141878944420216226e-05
9.380000000000000782e+00 2.121527238716419466e-05
9.390000000000000568e+00 2.101368328731305588e-05
9.400000000000000355e+00 2.081400394227846061e-05
9.410000000000000142e+00 2.061621632089094905e-05
9.419999999999999929e+00 2.042030256157863303e-05
9.429999999999999716e+00 2.022627428891782088e-05
9.439999999999999503e+00 2.003416146800258510e-05
9.450000000000001066e+00 1.984386779579870721e-05
9.460000000000000853e+00 1.965537610543368672e-05
9.470000000000000639e+00 1.946866939140913478e-05
9.480000000000000426e+00 1.928373080809059914e-05
9.490000000000000213e+00 1.910054366821128721e-05
9.500000000000000000e+00 1.891909144138975504e-05
9.509999999999999787e+00 1.873935775266137916e-05
9.519999999999999574e+00 1.856132638102354364e-05
9.529999999999999361e+00 1.838498125799435255e-05
9.540000000000000924e+00 1.821030646618475600e-05
9.550000000000000711e+00 1.803728623788406949e-05
9.560000000000000497e+00 1.786590495365843935e-05
9.570000000000000284e+00 1.769614714096267430e-05
9.580000000000000071e+00 1.752799747276478931e-05
9.589999999999999858e+00 1.736144076618341756e-05
9.599999999999999645e+00 1.719646198113796183e-05
9.609999999999999432e+00 1.703304621901128191e-05
9.620000000000000995e+00 1.687119502539472708e-05
9.630000000000000782e+00 1.671094978266528415e-05
9.640000000000000568e+00 1.655222192465733485e-05
9.650000000000000355e+00 1.639499713222102300e-05
9.660000000000000142e+00 1.623926122081068680e-05
9.669999999999999929e+00 1.608500013922507351e-05
9.679999999999999716e+00 1.593219996835931772e-05
9.689999999999999503e+00 1.578084691996852734e-05
9.700000000000001066e+00 1.563092733544285876e-05
9.710000000000000853e+00 1.548242768459414219e-05
9.720000000000000639e+00 1.533533456445352851e-05
9.730000000000000426e+00 1.518963469808061010e-05
9.740000000000000213e+00 1.504531493338350225e-05
9.750000000000000000e+00 1.490236224194993429e-05
9.759999999999999787e+00 1.476076371788924714e-05
9.769999999999999574e+00 1.462050657668515496e-05
9.779999999999999361e+00 1.448157815405922002e-05
9.790000000000000924e+00 1.434396590484487661e-05
9.800000000000000711e+00 1.420765740187206986e-05
9.810000000000000497e+00 1.407264713498749710e-05
9.820000000000000284e+00 1.393898329293558075e-05
9.830000000000000071e+00 1.380658512881967752e-05
9.839999999999999858e+00 1.367544069881887207e-05
9.849999999999999645e+00 1.354553817138720822e-05
9.859999999999999432e+00 1.341686582620293273e-05
9.870000000000000995e+00 1.328941205312746467e-05
9.880000000000000782e+00 1.316316535117418874e-05
9.890000000000000568e+00 1.303811432748661845e-05
9.900000000000000355e+00 1.291424769632631030e-05
9.910000000000000142e+00 1.279155427807008352e-05
9.919999999999999929e+00 1.267002299821661133e-05
9.929999999999999716e+00 1.254964288640226020e-05
9.939999999999999503e+00 1.243040307542609385e-05
9.950000000000001066e+00 1.231229280028394406e-05
9.960000000000000853e+00 1.219530139721158865e-05
9.970000000000000639e+00 1.207941830273662689e-05
9.980000000000000426e+00 1.196463305273939943e-05
9.990000000000000213e+00 1.185093528152256161e-05
1.000000000000000000e+01 1.173831472088933711e-05
